gyro:  -2.100983 -12.381592 38.124237 
accel: -0.100281  0.100952  0.942383
gyro:   5.540314 -10.160980 36.666260 
accel: -0.094238  0.122070  0.917175
gyro:  21.391144 -13.211517 32.875519 
accel: -0.095825  0.126465  0.922180
gyro:  15.364838 -10.542297 35.081177 
accel: -0.097778  0.091431  0.926880
gyro:  18.602295 -12.202148 33.922272 
accel: -0.093506  0.079346  0.917419
gyro:  13.353577 -11.319885 34.363403 
accel: -0.112366  0.067505  0.939758
gyro:  21.391144 -10.519867 31.223145 
accel: -0.097534  0.052246  0.953003
gyro:  21.989288 -9.899292 33.294220 
accel: -0.109680  0.050781  0.906494
gyro:  18.348083 -11.155396 33.645630 
accel: -0.113647 -0.012878  0.956116
gyro:   4.987030 -7.693634 35.671844 
accel: -0.097412 -0.005493  0.947266
gyro:  24.538879 -10.654449 34.169006 
accel: -0.090576 -0.006470  0.938049
gyro:  -2.557068 -9.293671 35.440063 
accel: -0.094177 -0.003967  0.938049
gyro:  11.035767 -9.846954 34.273682 
accel: -0.098999  0.000977  0.955627
gyro:  19.207916 -11.170349 35.462494 
accel: -0.092102  0.009583  0.917297
gyro:   9.211426 -10.968475 34.363403 
accel: -0.092834 -0.014648  0.955322
gyro:  10.175934 -8.590851 34.580231 
accel: -0.117737  0.013306  0.924438
gyro:  15.424652 -11.252594 34.879303 
accel: -0.091187  0.012573  0.915039
gyro:  15.776062 -9.503021 35.926056 
accel: -0.100403 -0.004028  0.944885
gyro:  10.295563 -11.761017 32.912903 
accel: -0.099426  0.002930  0.955200
gyro:  13.144226 -10.908661 34.722290 
accel: -0.096619 -0.003479  0.912415
gyro:   8.202057 -10.609589 35.298004 
accel: -0.104736  0.005920  0.938416
gyro:  15.170441 -10.430145 35.978394 
accel: -0.093628  0.011963  0.920593
gyro:   2.542114 -11.013336 34.804535 
accel: -0.104614  0.000427  0.954163
gyro:  18.819122 -8.598328 32.613831 
accel: -0.091248  0.018921  0.916016
gyro:   7.805786 -3.282318 46.161804 
accel: -0.084900  0.060730  0.936768
gyro:  25.742645 -10.347900 35.701752 
accel: -0.067749 -0.013245  0.961426
gyro:   8.217010 -11.775970 31.619415 
accel: -0.082153 -0.014343  0.938538
gyro:   0.373840 -10.265656 36.359711 
accel: -0.086548  0.010559  0.934753
gyro:  11.910553 -13.091888 34.669952 
accel: -0.089539  0.033630  0.948242
gyro:  20.860291 -10.041351 34.625092 
accel: -0.079773  0.010132  0.919739
gyro:  10.198364 -10.744171 33.952179 
accel: -0.091797  0.013855  0.924194
gyro:   6.527252 -8.486176 33.690491 
accel: -0.081299  0.038635  0.963196
gyro:  19.484558 -9.248810 35.103607 
accel: -0.092712  0.012207  0.933350
gyro:  14.624634 -10.422668 35.305481 
accel: -0.092590  0.001343  0.936829
gyro:   9.465637 -9.458160 34.527893 
accel: -0.091003  0.016724  0.957581
gyro:  11.446991 -8.231964 35.686798 
accel: -0.072266  0.022278  0.934509
gyro:   8.276825 -9.876862 33.294220 
accel: -0.080383  0.030518  0.952942
gyro:   9.413300 -8.149719 33.062439 
accel: -0.081665  0.028931  0.939148
gyro:  10.026398 -11.731110 34.303589 
accel: -0.075806  0.046387  0.932495
gyro:  12.964783 -9.974060 33.638153 
accel: -0.083496  0.049988  0.920227
gyro:   6.699219 -12.538605 34.819489 
accel: -0.076172  0.041748  0.944580
gyro:  18.437805 -9.779663 34.101715 
accel: -0.088501  0.060181  0.921631
gyro:  12.875061 -12.314301 35.933533 
accel: -0.083740  0.050598  0.934875
gyro:  18.011627 -10.729218 33.645630 
accel: -0.090698  0.033447  0.950623
gyro:   2.474823 -8.134766 32.972717 
accel: -0.093811  0.032043  0.985229
gyro:   6.175842 -5.764618 34.991455 
accel: -0.092529  0.069641  0.904236
gyro:  35.193329 -15.342407 31.021271 
accel: -0.079651  0.023926  0.962341
gyro:  17.151794 -6.220703 36.105499 
accel: -0.080322  0.010132  0.925903
gyro:  13.809662 -17.226562 32.456818 
accel: -0.073181  0.000854  0.952637
gyro:   8.000183 -7.102966 34.647522 
accel: -0.091797  0.013794  0.934082
gyro:  14.243317 -11.342316 35.275574 
accel: -0.093384  0.012268  0.943665
gyro:  11.970367 -7.237549 36.920471 
accel: -0.096558  0.023743  0.948914
gyro:  38.019562 -9.577789 37.197113 
accel: -0.102478 -0.051758  0.951050
gyro:  -56.621857 -28.367004 37.309265 
accel: -0.026978 -0.277771  0.381470
gyro:  -3.372040 47.806702 34.468079 
accel: -0.138367 -0.026367 -0.129395
gyro:  207.832794 -22.385559 46.894531 
accel: -0.139648 -0.105957  0.024353
gyro:  -92.802124 -85.063629 84.143982 
accel: -0.384155  0.226379 -0.876221
gyro:   4.815063 17.503204 75.762482 
accel:  0.167053 -0.104004  1.451111
gyro:  -16.478882 39.170990 74.932556 