accel: -0.010742 -0.083313  0.987671
gyro:   0.074768 -0.254211 -0.007477
accel: -0.004944 -0.085571  0.990295
gyro:  -0.456085  0.224304  0.418701
accel: -0.003967 -0.084595  0.996765
gyro:   0.299072  1.099091  0.000000
accel: -0.004150 -0.083923  1.005554
gyro:   0.889740  1.353302  0.097198
accel: -0.001404 -0.082397  0.999390
gyro:  -0.545807 -0.044861  0.628052
accel: -0.009827 -0.085266  0.986877
gyro:  -1.196289 -1.338348  0.777588
accel: -0.003479 -0.076111  0.998169
gyro:  -1.196289 -0.246735  0.194397
accel:  0.000488 -0.081421  1.001038
gyro:  -0.680389  0.964508  0.687866
accel: -0.012329 -0.081238  0.987122
gyro:  -0.493469  1.323395 -0.299072
accel: -0.002258 -0.082336  0.989746
gyro:   0.097198  0.702820  0.725250
accel: -0.003052 -0.080139  1.000610
gyro:  -0.777588 -0.007477 -0.201874
accel: -0.000732 -0.075745  0.977844
gyro:   0.530853 -1.143951  0.373840
accel:  0.004150 -0.082581  0.996887
gyro:   0.074768 -0.448608  0.104675
accel: -0.006226 -0.085815  0.993958
gyro:   1.899109  0.500946 -0.037384
accel:  0.001282 -0.082764  1.012146
gyro:   1.211243 -0.082245  0.366364
accel: -0.002991 -0.084717  1.002808
gyro:   0.276642 -1.188812  0.538330
accel: -0.002808 -0.079773  0.997253
gyro:  -0.426178  0.157013  0.067291
accel: -0.002869 -0.085388  0.998169
gyro:  -3.282318 -0.201874  0.134583
accel: -0.005493 -0.078003  0.967590
gyro:  -0.396271 -1.495361 -0.007477
accel: -0.008789 -0.080261  0.995056
gyro:  -0.224304 -2.130890 -0.643005
accel: -0.008484 -0.083313  0.992920
gyro:   0.119629  0.186920 -0.171967
accel: -0.005798 -0.078613  0.996765
gyro:   2.183228  1.263580 -0.366364
accel: -0.010071 -0.077209  0.993042
gyro:  -0.530853 -1.697235  2.213135
accel: -0.011475 -0.079346  0.989807
gyro:   1.570129 -2.071075  1.383209
accel: -0.021118 -0.078796  0.989197
gyro:  -8.688049  9.592743 -1.510315
accel: -0.021973 -0.070740  0.994202
gyro:  -7.005768 16.486359 -3.439331
accel:  0.008850 -0.064392  0.981567
gyro:  -0.411224  3.020630  0.598145
accel:  0.033447 -0.043091  1.007690
gyro:   1.674805 -7.745972  1.076660
accel:  0.020081 -0.085938  1.004089
gyro:   0.523376 -4.680481 -1.428070
accel:  0.017639 -0.077148  1.013672
gyro:  -0.747681 -0.695343 -1.779480
accel:  0.005859 -0.076233  0.996887
gyro:   0.560760 -1.383209 -2.026215
accel:  0.007690 -0.050476  1.003540
gyro:  -6.968384  2.205658 -1.891632
accel: -0.010925 -0.027039  0.998291
gyro:  -4.598236 -0.112152 -0.755157
accel:  0.001465 -0.000305  0.932251
gyro:   5.345917 -1.428070  0.351410
accel:  0.003357 -0.021545  0.989258
gyro:   4.852448  1.353302 -0.366364
accel:  0.006592 -0.030579  1.028809
gyro:   0.441132  0.800018  0.994415
accel:  0.011841 -0.042236  1.001282
gyro:   1.891632 -2.661743 -0.545807
accel:  0.000977 -0.049622  0.993408
gyro:   1.958923 -2.743988  0.246735
accel:  0.003357 -0.050659  1.008789
gyro:   1.330872 -0.628052  0.000000
accel:  0.007202 -0.049133  1.004211
gyro:   1.151428  0.747681  0.889740
accel: -0.001831 -0.047302  0.984131
gyro:  -0.770111 -0.478516  0.613098
accel:  0.001160 -0.057068  0.994446
gyro:   0.059814 -0.672913  0.613098
accel:  0.005859 -0.049683  1.008179
gyro:  -1.233673 -0.852356  0.523376
accel: -0.000427 -0.045166  0.996094
gyro:  -1.278534 -2.287903 -0.530853
accel:  0.003967 -0.042847  1.001770
gyro:  -2.818756 -4.269257  0.254211
accel:  0.000793 -0.047913  1.001831
gyro:  -1.824341 -0.628052 -0.336456
accel: -0.004028 -0.035645  1.008301
gyro:   0.284119  0.680389 -0.164490
accel: -0.009644 -0.038574  0.998169
gyro:  -1.510315 -1.099091  0.014954
accel: -0.007629 -0.033325  1.002502
gyro:   0.254211 -0.822449 -0.127106
accel: -0.007080 -0.041626  1.009094
gyro:   0.119629  0.179443  0.014954
accel: -0.009521 -0.036438  1.003174
gyro:   0.067291 -0.418701 -0.082245
accel: -0.007080 -0.034912  1.004272
gyro:  -0.059814 -0.044861  0.530853
accel: -0.007080 -0.045227  1.000916
gyro:  -1.652374  1.300964  0.762634
accel: -0.011414 -0.031067  0.991821
gyro:  -0.104675 -0.067291  0.321503
accel: -0.004944 -0.034668  0.996094
gyro:  -1.091614  0.979462 -0.231781
accel: -0.008972 -0.041687  0.981567
gyro:   0.530853 -0.530853 -0.291595
accel: -0.007751 -0.038574  0.999207
gyro:   1.128998  1.091614  0.000000
accel: -0.002502 -0.037842  1.004944
gyro:   0.942078  2.407532 -1.308441
accel: -0.013184 -0.038147  0.995117
gyro:   1.143951  1.001892 -0.732727
accel:  0.001343 -0.046021  0.992188
gyro:   1.091614  1.241150 -0.463562
accel:  0.003967 -0.045776  0.998474
gyro:   0.366364  1.099091 -0.418701
accel:  0.004211 -0.033997  0.991760
gyro:  -0.351410  0.665436 -0.478516
accel:  0.003296 -0.041199  0.994995
gyro:  -0.448608  0.605621 -0.426178
accel:  0.000122 -0.040894  0.988281
gyro:   0.777588  0.620575 -0.276642
accel:  0.004028 -0.042542  0.990295
gyro:   0.104675  1.457977 -0.246735
accel:  0.006470 -0.048950  0.986816
gyro:  -0.343933  1.540222  0.201874
accel:  0.010986 -0.042358  0.995178
gyro:   0.306549  0.276642 -0.456085
accel:  0.017578 -0.049194  1.000427
gyro:  -0.657959  0.433655  1.308441
accel:  0.008423 -0.049622  0.988281
gyro:   0.785065 -1.734619 -0.037384
accel:  0.010254 -0.041565  0.989746
gyro:  -0.680389  0.844879  1.315918
accel:  0.011841 -0.059387  0.994019
gyro:  -0.336456  0.508423  1.502838
accel:  0.016235 -0.047241  0.997498
gyro:   0.418701  2.901001  0.082245
accel:  0.014221 -0.053101  1.004578
gyro:   1.495361  6.871185  1.921539
accel:  0.036499 -0.058777  1.010010
gyro:   1.644897  4.127197  2.826233
accel:  0.048218 -0.059998  1.027161
gyro:  -0.254211  2.654266  4.815063
accel:  0.038574 -0.056396  0.975525
gyro:  -3.005676 -3.850555  3.274841
accel:  0.045349 -0.042480  0.977356
gyro:   1.099091 -7.701111  1.383209
accel:  0.031433 -0.035522  0.996887
gyro:  -5.607605 -4.067383  2.377625
accel:  0.024475 -0.058594  1.001770
gyro:  -2.213135 -2.557068  2.639313
accel:  0.023438 -0.047363  1.028992
gyro:   1.009369  1.600037 -1.114044
accel:  0.013184 -0.022644  1.004456
gyro:  -0.179443  3.110352 -2.168274
accel:  0.015259 -0.024475  0.992493
gyro:   0.672913  1.854248 -1.024323
accel:  0.017700 -0.026855  1.005737
gyro:  -0.373840  0.411224 -1.644897
accel:  0.014771 -0.026184  0.992920
gyro:  -1.009369  1.039276 -1.390686
accel:  0.019348 -0.047485  0.992798
gyro:  -1.428070  0.119629 -0.426178
accel:  0.024597 -0.034607  1.009888
gyro:  -0.456085  0.194397  0.059814
accel:  0.030090 -0.035217  0.994629
gyro:   0.328979 -0.702820  0.044861
accel:  0.024231 -0.032898  0.984619
gyro:  -1.839294  0.157013  0.097198
accel:  0.026245 -0.037903  0.999207
gyro:   0.037384 -0.822449 -0.343933
accel:  0.033875 -0.046204  0.989502
gyro:  -6.729126  2.901001  4.740295
accel:  0.068970 -0.046204  0.981201
gyro:  -13.570404 27.028656 -17.660217
accel:  0.125549  0.188171  0.504944
gyro:  -51.477814  9.233856 -41.825256
accel:  0.004639 -0.033203  0.028625
gyro:  -95.561066 -4.112244 -14.497528
accel:  0.021912 -0.043335  0.084778
gyro:  241.149445 -80.472870 88.069305
accel:  0.045593  0.014954  0.017029
gyro:  -71.590424 -44.830933 -36.292419
accel:  0.426086  1.072144  1.013306
gyro:  -219.765778 -20.082703 -83.284149
accel: -0.104187  1.063477  0.378357
gyro:  74.154968 24.628601 -32.471771
accel:  0.023560  0.434143  0.866455
gyro:  78.042908  0.306549 20.329437
accel: -0.220032  0.414795  0.801514
gyro:  156.818542 -24.150085 37.675629
accel:  0.025513  0.064087  0.769043
gyro:  155.981140 60.816345 49.279633
accel:  0.050537 -0.089844  0.915894
gyro:  238.554993 144.040680 151.928711
accel:  0.116882 -0.530518  1.244324
gyro:  148.810883 57.481689  4.082336
accel:  0.100037 -0.068115  1.202576
gyro:  75.852203 -65.691223 32.389526
accel:  0.264648 -0.552856  0.832275
gyro:  -150.852051 -108.421173  0.478516
accel:  0.212524 -0.399414  0.810730
gyro:  -109.393158 -48.195496 -10.594635
accel:  0.089478 -0.433350  0.911255
gyro:  -85.243073 -12.433929 -43.911285
accel: -0.032104  0.106323  1.053650
gyro:   5.360870 -3.252411 -17.458344
accel: -0.072266  0.042786  0.890625
gyro:  21.757507 25.032349  5.316010
accel: -0.016602  0.034424  1.060974
gyro:  -4.590759 -20.860291 -11.013336
accel: -0.075500 -0.052917  1.002136
gyro:   2.295380 -15.514374 -10.280609
accel: -0.061890 -0.030579  0.974487
gyro:  -5.973969  8.022614 -12.389069
accel: -0.046143  0.048706  1.080322
gyro:  -6.654358 -1.659851 -9.002075
accel: -0.063049  0.059082  1.012634
gyro:  20.478973  2.601929 -8.516083
accel: -0.079285  0.030823  1.029541
gyro:   0.074768 -3.499146  4.127197
accel: -0.058899  0.010620  0.981262
gyro:   2.422485 -5.592651 -3.229980
accel: -0.064758  0.010681  0.969360
gyro:  -6.407623 -6.310425 -1.241150
accel: -0.041138 -0.024231  0.984619
gyro:   1.973877  1.958923 -4.583282
accel: -0.094971  0.014648  0.999756
gyro:  -9.817047 -5.899200 -3.095398
accel: -0.116028  0.019348  0.983093
gyro:   4.164581  4.254303 -2.579498
accel: -0.082703  0.022095  1.023315
gyro:  -1.300964 -11.589050 -2.833710
accel: -0.097107 -0.003296  1.006836
gyro:  -3.087921 -7.663727 -6.960907
accel: -0.107788  0.027893  0.995239
gyro:   6.422577 -8.815155 -7.813263
accel: -0.133423  0.015625  0.989868
gyro:  -0.246735 -4.269257 -2.803802
accel: -0.151855  0.015137  0.981689
gyro:   2.676697  2.123413 -3.087921
accel: -0.159973  0.031677  0.979004
gyro:   5.091705  6.153412  0.777588