gyro:  -2.048645 -2.355194  0.216827
accel:  0.228699 -0.271240  0.928284
gyro:   4.029999 -0.755157 -0.246735
accel:  0.225037 -0.276245  0.927551
gyro:  -2.459869  1.914062 -1.577606
accel:  0.224060 -0.272766  0.922302
gyro:  -0.747681  1.854248 -0.269165
accel:  0.243347 -0.292175  0.934509
gyro:   0.994415 -0.224304  0.553284
accel:  0.244141 -0.275879  0.915405
gyro:   3.319702 -0.388794  0.717773
accel:  0.224548 -0.278381  0.928467
gyro:  -1.682281  0.665436 -0.366364
accel:  0.224365 -0.286255  0.935547
gyro:  -0.336456 -0.276642  0.785065
accel:  0.247437 -0.272400  0.936279
gyro:  -0.672913 -0.261688  1.188812
accel:  0.245178 -0.278870  0.937561
gyro:   0.844879  0.186920  0.037384
accel:  0.231018 -0.281250  0.911926
gyro:  -2.474823  0.635529  0.530853
accel:  0.243958 -0.274231  0.943054
gyro:   1.936493 -0.545807  0.889740
accel:  0.239380 -0.286560  0.920593
gyro:   2.108459  4.231873 -0.224304
accel:  0.236694 -0.286499  0.911682
gyro:   4.134674 -3.603821 -1.435547
accel:  0.233887 -0.276489  0.942322
gyro:  -1.457977  2.310333 -0.478516
accel:  0.221985 -0.283997  0.916626
gyro:   1.181335 -0.007477 -1.450500
accel:  0.244751 -0.284363  0.932068
gyro:  -0.500946 -0.695343  0.358887
accel:  0.241333 -0.269592  0.923828
gyro:   0.717773 -0.456085  0.299072
accel:  0.223755 -0.286072  0.928528
gyro:   0.022430  3.297272 -1.487885
accel:  0.236755 -0.287537  0.919434
gyro:  -6.130981  0.530853 -0.553284
accel:  0.281433 -0.259644  0.946106
gyro:  -2.983246  0.904694 -0.613098
accel:  0.233337 -0.274292  0.913269
gyro:   2.953339  3.095398 -0.530853
accel:  0.227173 -0.281738  0.919189
gyro:  -14.781647 10.602112 -0.650482
accel:  0.290100 -0.247253  0.965271
gyro:  -2.489777 -1.435547 -0.082245
accel:  0.276489 -0.254456  0.915100
gyro:   1.958923 -5.473022 -0.762634
accel:  0.247009 -0.250427  0.934753
gyro:  -1.525269  2.714081 -1.719666
accel:  0.235352 -0.270874  0.910217
gyro:   2.938385  3.648682 -3.611298
accel:  0.275024 -0.258789  0.898743
gyro:   5.166473  2.631836 -2.586975
accel:  0.234436 -0.219910  0.907043
gyro:  -5.405731  8.314209 -1.644897
accel:  0.307373 -0.241150  0.977051
gyro:  10.504913 -4.403839 -4.515991
accel:  0.244507 -0.232239  0.894470
gyro:  -1.076660  1.061707 -0.874786
accel:  0.283142 -0.287170  0.972290
gyro:   1.719666  0.725250  1.024323
accel:  0.250977 -0.341125  0.906860
gyro:   2.811279  1.981354 -3.117828
accel:  0.271423 -0.308960  0.916199
gyro:  -7.633820  4.882355  0.276642
accel:  0.319153 -0.288269  0.922852
gyro:   8.770294 -6.706696  1.525269
accel:  0.245178 -0.256165  0.913879
gyro:   2.534637  5.906677  2.175751
accel:  0.265564 -0.299683  0.923218
gyro:   5.659943  3.342133  2.983246
accel:  0.295898 -0.299194  0.916443
gyro:   4.590759  4.762726  3.058014
accel:  0.295410 -0.305725  0.907898
gyro:   7.858124  1.286011  1.128998
accel:  0.314819 -0.331116  0.890259
gyro:   2.048645 -1.831818  3.357086
accel:  0.290955 -0.342468  0.902161
gyro:   2.400055 -2.743988  2.325287
accel:  0.308228 -0.303162  0.901123
gyro:   1.801910 -0.695343  2.781372
accel:  0.282471 -0.291565  0.905762
gyro:   3.244934 -2.168274 -0.291595
accel:  0.271912 -0.369141  0.877686
gyro:  -5.973969  5.749664 -4.015045
accel:  0.286743 -0.326843  0.915527
gyro:   0.927124  0.785065 -1.831818
accel:  0.305542 -0.300476  0.878418
gyro:   0.889740  0.912170 -1.173859
accel:  0.293579 -0.308350  0.910461
gyro:  -0.022430  0.074768  0.500946
accel:  0.315796 -0.296570  0.917480
gyro:  -4.224396  3.102875  1.420593
accel:  0.321655 -0.304565  0.920349
gyro:   1.136475  1.405640  0.209351
accel:  0.292358 -0.300232  0.885437
gyro:  -2.930908  1.510315 -0.732727
accel:  0.294922 -0.290466  0.907959
gyro:   2.257996  3.207550 -0.478516
accel:  0.307068 -0.292542  0.886414
gyro:   2.968292 -1.906586 -1.749573
accel:  0.277161 -0.304321  0.899170
gyro:  -7.835693  4.560852 -2.041168
accel:  0.313477 -0.297363  0.894226
gyro:  -0.874786  0.814972 -2.400055
accel:  0.324402 -0.295166  0.908325
gyro:   2.041168 -1.181335 -1.450500
accel:  0.309204 -0.286194  0.890320
gyro:  -0.037384  1.241150 -0.022430
accel:  0.309509 -0.287659  0.891541
gyro:   2.377625 -1.300964  1.271057
accel:  0.305969 -0.291504  0.904663
gyro:  -1.727142  2.773895  1.069183
accel:  0.306519 -0.290955  0.912964
gyro:  -1.472931 -0.485992 -0.837402
accel:  0.313416 -0.308289  0.899353
gyro:  -0.605621  2.400055 -0.859833
accel:  0.299683 -0.298157  0.893311
gyro:  -3.058014 -1.345825 -1.405640
accel:  0.309509 -0.268372  0.894104
gyro:   0.082245 -2.340240 -1.091614
accel:  0.307190 -0.296936  0.901123
gyro:   1.084137  1.607513  0.328979
accel:  0.323547 -0.290283  0.902771
gyro:   0.785065 -0.216827 -0.014954
accel:  0.304443 -0.288086  0.905151
gyro:   2.960815  1.510315 -0.171967
accel:  0.305847 -0.290588  0.908875
gyro:  -3.028107  1.256104 -0.104675
accel:  0.296021 -0.281738  0.909058
gyro:   0.351410 -0.680389 -1.338348
accel:  0.301880 -0.294128  0.900818
gyro:  -2.138367 -1.001892 -0.717773
accel:  0.315369 -0.278076  0.899536
gyro:  -4.074860  1.659851  0.321503
accel:  0.324890 -0.271606  0.906677
gyro:   4.284210 -3.028107  0.396271
accel:  0.331665 -0.273499  0.891541
gyro:  -0.007477 -1.704712  0.792542
accel:  0.290955 -0.292725  0.908508
gyro:  -0.179443  0.134583  0.246735
accel:  0.309021 -0.304138  0.912598
gyro:   0.164490 -1.256104  0.874786
accel:  0.300293 -0.293579  0.919739
gyro:   0.441132 -0.717773 -0.224304
accel:  0.277771 -0.298645  0.883728
gyro:  -3.058014  2.736511 -1.016846
accel:  0.322632 -0.275879  0.918823
gyro:  -0.254211  3.087921 -0.014954
accel:  0.293274 -0.285706  0.891846
gyro:   1.368256 -1.973877  1.345825
accel:  0.329712 -0.287537  0.907654
gyro:   2.205658 -5.061798  3.102875
accel:  0.300354 -0.284729  0.912720
gyro:  -0.538330  3.446808  0.837402
accel:  0.265930 -0.318237  0.898926
gyro:  -2.003784  1.742096 -3.611298
accel:  0.300781 -0.283691  0.925720
gyro:  -0.426178  2.684174 -3.678589
accel:  0.293152 -0.263489  0.900330
gyro:  -35.223236 -14.295654 -7.648773
accel:  0.273376 -0.139709  0.940979
gyro:  18.138733 -12.867584  4.643097
accel:  0.333130 -0.238159  0.906616
gyro:  143.494873 -37.301788 -3.955231
accel:  0.260254 -0.402283  1.012573
gyro:  22.064056 -4.254303 -4.987030
accel:  0.190979 -0.467834  1.021790
gyro:  -91.149750 -29.854889  2.145844
accel:  0.172302 -0.420898  0.768127
gyro:  -101.221008  2.003784  7.917938
accel:  0.139221 -0.281189  1.331116
gyro:  -45.630951 -5.921631 -5.458069
accel:  0.060303 -0.185547  1.217041
gyro:  -54.902191 -5.330963 10.833893
accel:  0.195435 -0.110291  1.124207
gyro:  -9.861908 -6.325378 15.918121
accel:  0.130371 -0.145081  1.086914
gyro:  -27.709045 -9.630127  7.708588
accel:  0.114136 -0.079529  1.060059
gyro:   3.297272 -33.413849  1.816864
accel:  0.043579 -0.040710  1.019836
gyro:  -0.628052 -22.669678 -1.914062
accel: -0.003540  0.038391  0.975647
gyro:  -7.289886 -15.118103 -4.695435
accel: -0.002930  0.008118  0.835815
gyro:  -4.291687 -12.725525 -7.267456
accel: -0.086670  0.100342  0.824951
gyro:  19.148102  4.216919  3.633728
accel: -0.143250  0.049377  0.972839
gyro:  -10.160980 14.161072 -2.751465
accel: -0.096191  0.069336  1.041260
gyro:  21.495819  4.665527 -12.531128
accel: -0.048462  0.085327  1.040649
gyro:  10.953522  4.127197 -12.052612
accel:  0.001099  0.064697  0.808960
gyro:   5.286102 -8.426361  5.899200
accel: -0.032837  0.020447  0.734131
gyro:   7.117920  3.372040 -2.108459
accel: -0.000854  0.074280  0.747864
gyro:   7.760925 13.719940 -5.502930
accel:  0.014221  0.037292  0.941833
gyro:  -5.450592  7.656250 -4.673004
accel: -0.004883  0.080933  1.022583
gyro:  -4.934692  7.910461 -0.074768
accel:  0.006348  0.125916  1.034180
gyro:   3.671112 -0.590668  2.108459
accel:  0.020569  0.111694  1.017090
gyro:   4.658051 -5.188904  1.764526
accel:  0.021790  0.071106  1.013855
gyro:   4.471130 -0.598145 -2.183228
accel:  0.032654  0.025085  0.927612
gyro:  -89.332886 39.656982 -27.866058
accel: -0.036194  0.039551 -0.070679
gyro:  -12.433929  0.800018  0.104675
accel:  0.001099  0.025269  0.010376
gyro:  137.341461 55.066681 -4.269257
accel:  0.014526 -0.007324  0.070557
gyro:  116.084900 88.316040 12.037659
accel:  0.031738 -0.001343  0.071472
gyro:  -215.444183 242.599945 -34.669952
accel:  1.141296  1.963928 -1.960388
gyro:  23.589325 26.886597 -19.828491
accel:  0.589478 -0.057190  0.506287
gyro:  26.752014 -13.615265 -7.028198
accel:  0.196838 -0.138184  1.047729
gyro:  24.150085  0.284119 -1.757050
accel:  0.175293 -0.216980  1.095459
gyro:  22.198639 -12.172241  5.188904
accel:  0.349060 -0.260803  1.023682
gyro:  -15.686340 -17.159271  3.940277
accel:  0.306213 -0.147400  0.975037
gyro:  84.749603  3.544006 -29.249268
accel:  0.149963 -0.009705  0.885315
gyro:  -48.389893 19.462128 14.123688
accel:  0.385986 -0.295532  1.153625
gyro:  30.221252 -29.346466 -0.957031
accel: -0.027954 -0.309998  0.669800
gyro:  -1.839294 -19.828491 -7.364655
accel:  0.071228 -0.300903  0.814453
gyro:  17.226562 -11.088104 -2.205658
accel:  0.113708 -0.537659  0.960327
gyro:  28.232422 -9.891815 -0.186920
accel:  0.077637 -0.373901  1.138428
gyro:  -23.978119 16.067657 -0.650482
accel:  0.073669 -0.321045  1.002808
gyro:  -22.789307  0.635529 -11.671295
accel:  0.072205 -0.424438  0.812744
gyro:  -5.577698  2.056122  1.405640
accel:  0.172119 -0.380859  0.906555
gyro:  18.759308 -3.880463  7.775879
accel:  0.152710 -0.393616  0.957153
gyro:   3.783264  1.614990  7.162781
accel:  0.074646 -0.348694  0.928406
gyro:  13.151703 -1.772003  1.143951
accel:  0.054443 -0.408203  0.923218
gyro:   3.701019  6.392670 -4.710388
accel:  0.125488 -0.441956  0.960144
gyro:  -7.760925  5.899200 -3.865509
accel:  0.135010 -0.402222  0.901733
gyro:   6.407623 -5.293579  0.979462
accel:  0.105469 -0.417603  0.872803
gyro:   3.738403  5.188904  0.500946
accel:  0.094727 -0.418701  0.910828
gyro:  -0.568237  0.994415 -0.373840
accel:  0.162659 -0.420349  0.929321
gyro:   2.302856 -4.291687  0.986938
accel:  0.131531 -0.399902  0.884094
gyro:  -0.553284  1.293488  0.949554
accel:  0.121094 -0.429749  0.909180
gyro:  -0.485992  9.921722  1.816864
accel:  0.133728 -0.416260  0.890259
gyro:   3.342133 -6.564636 -0.291595
accel:  0.120667 -0.436707  0.881470
gyro:  -1.039276  2.781372  0.725250
accel:  0.113220 -0.427612  0.883728
gyro:  -0.874786  3.461761 -0.224304
accel:  0.126648 -0.416443  0.894836
gyro:   4.680481 -3.671112  1.188812