accel:  0.043640  0.026733  1.019531
gyro:  -0.059814 -1.629944  0.358887
accel:  0.052612  0.009277  0.982727
gyro:   2.654266 -0.545807  0.777588
accel:  0.034668  0.020569  1.026367
gyro:   5.831909  6.370239 -0.082245
accel:  0.049316  0.016418  1.011292
gyro:  -1.973877  0.127106  4.097290
accel:  0.084473  0.014221  0.984802
gyro:   2.385101  4.448700 -4.852448
accel:  0.073730 -0.012634  1.005493
gyro:  -1.659851  1.360779  1.869202
accel:  0.067139 -0.004761  0.982666
gyro:  -0.680389  1.315918  0.306549
accel:  0.083679  0.017822  1.002319
gyro:   0.829926  2.459869 -2.086029
accel:  0.073914 -0.005859  0.979675
gyro:   0.171967  1.188812  1.024323
accel:  0.085449  0.006653  0.995728
gyro:   0.770111  2.654266 -0.328979
accel:  0.069031 -0.013306  1.003113
gyro:  -0.336456  0.157013  2.115936
accel:  0.073730  0.005615  0.981506
gyro:  -2.190704  0.620575  1.607513
accel:  0.080811  0.003174  0.992859
gyro:  -8.015137  5.031891  1.869202
accel:  0.106628  0.028137  0.981323
gyro:  -2.818756 -3.424377  2.377625
accel:  0.077698  0.000000  1.017151
gyro:   3.282318  3.581390  4.949646
accel:  0.103699  0.052307  1.004822
gyro:  -5.151520 -1.929016 -2.938385
accel:  0.114563  0.004456  1.001892
gyro:   1.046753  2.444916 -4.575806
accel:  0.084778  0.055176  1.016174
gyro:   3.768311  3.902893 -1.099091
accel:  0.073181  0.016174  0.987671
gyro:   0.485992  3.028107 -0.613098
accel:  0.099670  0.026428  0.976501
gyro:   1.749573 -1.076660 -1.861725
accel:  0.110168  0.011597  0.962219
gyro:  -1.293488 -1.607513  0.149536
accel:  0.102234  0.004272  0.991699
gyro:  -0.695343 -1.555176  2.213135
accel:  0.095520  0.018555  1.009827
gyro:   1.308441  1.988831  2.385101
accel:  0.101624  0.018555  0.994019
gyro:  -1.517792 -1.114044  2.220612
accel:  0.103943  0.021606  0.998352
gyro:   3.902893  2.519684  2.938385
accel:  0.102661  0.019531  1.006775
gyro:   2.975769  0.508423  2.018738
accel:  0.105835  0.015564  0.998962
gyro:   1.816864  0.964508  4.658051
accel:  0.124512  0.036560  0.984314
gyro:   1.659851  1.443024 -1.016846
accel:  0.112244  0.013000  0.993347
gyro:   0.725250  2.527161 -1.024323
accel:  0.100098  0.007568  0.977722
gyro:  -0.538330 -0.089722  1.233673
accel:  0.130371  0.010132  0.974487
gyro:  -3.409424 -3.521576 -1.323395
accel:  0.101562 -0.024902  0.987732
gyro:  -4.358978 -6.990814 -1.869202
accel:  0.095520  0.063904  0.994385
gyro:   3.618774  0.837402  0.171967
accel:  0.084473 -0.006348  1.016296
gyro:  -1.256104 -2.557068  5.600128
accel:  0.095520  0.021179  0.976685
gyro:   0.164490 -1.914062  1.009369
accel:  0.104248 -0.005066  0.976013
gyro:  -5.517883  0.284119  2.280426
accel:  0.075134  0.004700  1.034302
gyro:  -0.373840  1.405640 -2.325287
accel:  0.119629  0.063599  0.930237
gyro:  -2.796326 -3.013153  0.201874
accel:  0.114868  0.013062  0.987854
gyro:  -3.858032 -11.723633 -2.041168
accel:  0.066711  0.035034  1.027588
gyro:   9.420776  7.020721 -4.022522
accel:  0.085388  0.046997  1.003357
gyro:  -6.003876 -9.256287 -3.491669
accel:  0.076660 -0.018982  0.994873
gyro:   4.874878  3.573914 -2.788849
accel:  0.064575  0.056641  1.033447
gyro:   1.600037  2.340240 -1.293488
accel:  0.072083 -0.016235  0.961731
gyro:   0.814972 -3.693542  0.403748
accel:  0.079651  0.017273  0.982361
gyro:  -5.211334  0.306549  2.280426
accel:  0.079041  0.020752  1.013184
gyro:   0.254211  2.213135 -3.289795
accel:  0.069336  0.090149  0.987976
gyro:   6.968384  4.523468 -9.914246
accel:  0.078430 -0.013184  0.961731
gyro:  -3.439331 -4.800110  1.121521
accel:  0.092773 -0.002563  0.977051
gyro:  -1.846771 -2.908478 -2.078552
accel:  0.074951  0.011169  1.031860
gyro:   2.721558  3.469238 -2.729034
accel:  0.066711  0.020813  1.004211
gyro:   0.000000  0.523376 -1.338348
accel:  0.075378 -0.001648  0.984924
gyro:  -0.979462 -3.715973 -0.994415
accel:  0.076782 -0.000183  0.985596
gyro:   7.050629  6.542206 -2.990723
accel:  0.095825  0.056641  0.989868
gyro:  -3.454285 -5.293579  0.934601
accel:  0.080750  0.003601  0.969666
gyro:   2.130890 -2.923431  1.256104
accel:  0.074036  0.050232  1.021057
gyro:   5.211334  5.428162 -4.112244
accel:  0.101013  0.002197  0.984558
gyro:  -2.945862 -1.951447  1.540222
accel:  0.075745 -0.019165  0.992004
gyro:  -3.222504 -1.839294  0.276642
accel:  0.083496  0.020752  0.994202
gyro:  -0.463562 -3.147736  1.592560
accel:  0.080383  0.054565  1.012207
gyro:   7.932892  9.121704 -4.344025
accel:  0.069275 -0.031555  1.013367
gyro:  -2.646790 -4.172058  4.501038
accel:  0.095398 -0.003967  0.944824
gyro:  -2.736511 -3.955231  2.654266
accel:  0.077087  0.040527  1.013245
gyro:   0.889740  1.749573 -2.086029
accel:  0.072632  0.014038  1.008728
gyro:  -1.248627  0.456085  3.618774
accel:  0.098267  0.002930  0.996277
gyro:  -0.687866 -2.003784  0.014954
accel:  0.076111  0.017700  1.013000
gyro:   0.837402  1.099091  0.044861
accel:  0.081848  0.024170  0.981079
gyro:  -1.338348 -2.878571 -0.859833
accel:  0.077271  0.000000  0.995117
gyro:  -2.287903  0.000000  3.715973
accel:  0.088562  0.047607  1.012634
gyro:  -0.179443 -0.643005 -3.813171
accel:  0.063354 -0.009399  0.993774
gyro:  -0.471039 -0.740204  0.388794
accel:  0.067810  0.014954  0.981262
gyro:   0.508423  0.022430  4.329071
accel:  0.073914  0.029297  0.996277
gyro:   2.803802 -0.702820  0.859833
accel:  0.077942  0.029663  0.972229
gyro:  -1.637421 -4.620667  5.316010
accel:  0.075256  0.019958  1.017456
gyro:   1.009369 -0.695343 -3.910370
accel:  0.073914  0.050049  1.001343
gyro:  -1.607513  1.674805 -0.822449
accel:  0.070129  0.003784  1.035217
gyro:   2.489777  1.689758 -4.912262
accel:  0.077148  0.011658  0.956482
gyro:  -2.400055 -1.958923  3.043060
accel:  0.045471 -0.038574  1.004883
gyro:   0.672913  0.381317  4.822540
accel:  0.084167  0.038452  0.978577
gyro:  -0.396271 -3.686066  1.315918
accel:  0.088623  0.001282  0.980957
gyro:  -2.676697 -3.753357  4.134674
accel:  0.047913  0.026794  1.041992
gyro:   5.435638  7.132874  3.902893
accel:  0.080994  0.047791  0.983826
gyro:  -0.785065 -5.981445 -1.637421
accel:  0.073303  0.011902  0.968872
gyro:  -1.465454 -4.418793  0.381317
accel:  0.026672  0.020142  1.038208
gyro:   4.261780  1.413116 -0.112152
accel:  0.054993  0.015686  0.967590
gyro:  -1.293488 -2.160797  5.398254
accel:  0.041809  0.021484  1.030029
gyro:   1.233673  0.568237 -2.310333
accel:  0.051086  0.040588  1.013672
gyro:   0.957031  4.112244  0.680389
accel:  0.077026 -0.001282  0.992554
gyro:  -1.637421 -2.145844 -4.134674
accel:  0.055176  0.028564  0.986633
gyro:   5.256195  7.379608  0.396271
accel:  0.057068  0.003418  0.994141
gyro:  -6.108551 -6.220703 -0.112152
accel:  0.068237  0.000366  0.984253
gyro:  -3.626251 -7.551575  0.605621
accel:  0.055725  0.062988  1.026917
gyro:   5.802002  6.519775 -1.936493
accel:  0.045410 -0.032654  0.981873
gyro:  -4.762726 -4.994507  2.818756
accel:  0.028564  0.003235  1.002197
gyro:   2.930908  1.600037  5.054321
accel:  0.054199  0.027344  1.001099
gyro:   0.209351 -3.013153  1.106567
accel:  0.053284  0.028809  1.004822
gyro:  -0.089722 -1.734619 -1.323395
accel:  0.047119  0.020081  0.971069
gyro:  -4.987030 -3.850555 -4.575806
accel:  0.055908  0.036621  0.969788
gyro:   0.463562 -10.908661 -9.503021
accel:  0.029358  0.046448  1.010681
gyro:  -0.448608  0.927124  1.943970
accel: -0.014282  0.015198  1.042114
gyro:  -2.699127 -0.029907 -0.186920
accel:  0.031189  0.040527  0.995911
gyro:   0.089722 -2.257996 -2.818756
accel:  0.041504  0.072205  0.993774
gyro:   2.265472  0.418701 -4.949646
accel:  0.030029  0.044128  1.005859
gyro:   0.635529 -0.523376 -7.910461
accel:  0.029785  0.045288  0.983765
gyro:   1.607513  1.772003 -5.375824
accel:  0.006592  0.003113  1.005005
gyro:  -0.650482 -1.801910 -1.906586
accel:  0.005920  0.016296  0.960693
gyro:  -2.400055 -3.274841  0.553284
accel:  0.006653 -0.002014  0.991516
gyro:  -1.211243 -2.706604  2.310333
accel:  0.006897  0.009399  1.008606
gyro:  -0.710297 -1.712189  3.252411
accel:  0.001587  0.016541  1.018616
gyro:   1.906586 -0.366364  1.562653
accel:  0.000610  0.036377  0.997681
gyro:  -2.392578 -1.143951  1.869202
accel:  0.003113  0.025940  1.005737
gyro:   1.921539  1.286011 -1.016846
accel:  0.016052  0.050049  1.013184
gyro:   4.830017  1.016846 -5.211334
accel: -0.002075  0.005554  1.013367
gyro:   1.271057  1.315918 -2.893524
accel:  0.010559 -0.003662  0.976868
gyro:   0.149536 -0.560760 -0.575714
accel:  0.003723  0.020020  0.995605
gyro:   2.377625  1.936493 -3.925323
accel:  0.019104 -0.006958  0.983887
gyro:  -0.396271 -2.773895 -0.934601
accel:  0.003296  0.015320  0.989380
gyro:   0.381317  0.276642  1.502838
accel: -0.008606  0.017151  1.005371
gyro:  -0.927124  1.158905  0.515900
accel:  0.025024  0.022705  0.965637
gyro:  -2.340240 -3.813171 -0.441132
accel:  0.030945  0.026245  1.015564
gyro:   0.613098 -0.583191 -4.329071
accel:  0.005005  0.006531  1.039795
gyro:   0.665436  0.142059 -1.368256
accel:  0.003845 -0.004517  1.006714
gyro:   2.572021  2.400055 -1.218719
accel:  0.011902  0.012573  1.000671
gyro:   2.310333  1.158905 -0.904694
accel:  0.022095  0.026306  1.034424
gyro:  -80.143890 32.733459  9.069366
accel:  0.399292  0.246582  0.512695
gyro:  52.644196 22.131348 22.101440
accel: -0.009338  0.013184 -0.013489
gyro:  37.817688 -32.860565 34.542847
accel: -0.024597 -0.077087  0.081482
gyro:  -66.528625 -71.253967 89.886169
accel: -0.052307  0.003357  0.051636
gyro:  102.170563 -190.232391 170.276794
accel: -0.167542  0.130615 -0.025635
gyro:  234.704437 -148.309937 -24.075317
accel: -0.168152  0.270203  0.131714
gyro:  63.074341 -21.316376  0.418701
accel: -0.142334 -0.236450  0.694092
gyro:  33.735352 14.557343 -0.044861
accel: -0.132324 -0.257446  1.033630
gyro:  -56.614380  9.054413 22.535095
accel: -0.229431 -0.126770  1.065002
gyro:  -2.616882  0.052338 -0.613098
accel: -0.110474 -0.142639  1.005188
gyro:  -14.744263 -15.260162 -4.366455
accel: -0.105896 -0.143494  1.013428
gyro:  -5.757141  4.201965  1.719666
accel: -0.124573 -0.116760  0.989441
gyro:   3.887939 -1.390686 -2.033691
accel: -0.108704 -0.132263  0.977539
gyro:  -0.665436 -1.353302 -3.955231
accel: -0.098450 -0.101868  0.985535
gyro:  -7.274933 -5.630035 -2.415009
accel: -0.115356 -0.109863  0.996582
gyro:  -5.869293 -4.658051 -2.063599
accel: -0.092407 -0.120667  1.002197
gyro:  -1.495361 -2.190704  1.480408
accel: -0.134460 -0.126160  1.001953
gyro:   2.691650  0.059814  0.942078
accel: -0.133728 -0.081360  1.000244
gyro:  -24.613647  2.676697  1.682281
accel: -0.142212 -0.127258  0.990662
gyro:  -30.602570 -7.140350  0.889740
accel: -0.049194 -0.022217  0.974548
gyro:  -48.045959 33.974609 29.824982
accel: -0.101013  0.068420  1.080139
gyro:  -62.887421 27.380066 18.161163
accel: -0.045532  0.131653  0.944031
gyro:  23.088379 28.860474 -5.719757
accel: -0.081604  0.046143  0.921570
gyro:  -3.431854 69.055786 -6.041260
accel:  0.078125  0.214111  0.941345
gyro:   4.777679 15.260162 -2.714081
accel:  0.109558  0.111755  0.874268
gyro:  23.409882 -10.355377 -12.261963
accel:  0.142395  0.186035  0.931458
gyro:  -11.417084 -18.878937 -7.731018
accel:  0.142822  0.197937  0.917053
gyro:   5.286102 -16.680756 -5.899200
accel:  0.070862  0.014771  1.010315
gyro:  -1.188812 -13.271332 -6.661835
accel:  0.044922  0.139893  1.071533
gyro:  -0.934601 -7.947845 -13.144226
accel: -0.008423  0.120605  1.028748
gyro:  15.252686 -3.065491 -8.852539
accel: -0.023071  0.032532  0.937561
gyro:  -10.355377 -0.897217 -3.319702
accel:  0.083801  0.076538  0.966003
gyro:  10.467529 -15.200348  1.173859
accel:  0.034058  0.142212  1.044556
gyro:  15.888214  2.444916  1.248627
accel: -0.029541  0.057495  1.001831
gyro:   3.132782  5.338440  5.839386
accel:  0.034424  0.084778  0.966370
gyro:   4.089813  3.087921  3.274841
accel:  0.035339  0.074585  1.005676
gyro:   5.001984 -3.514099  7.147827
accel:  0.024719  0.074463  0.973206
gyro:   9.645081 -0.942078 -0.179443
accel:  0.005554  0.092224  1.002258
gyro:  -0.717773 -1.076660  1.727142
accel:  0.022583  0.073975  0.970276
gyro:  -2.063599  2.893524 -1.592560
accel:  0.016174  0.081726  0.966614
gyro:  -1.114044 -2.788849 -2.041168
accel:  0.009644  0.059692  0.963806
gyro:  -9.136658 -5.091705  1.353302
accel: -0.001465  0.027710  1.021118
gyro:   0.433655 -1.996307  0.800018