gyro:   1.450500 -0.112152 -0.583191
accel:  0.186035 -0.342590  0.923462
gyro:   0.067291 -0.927124  0.186920
accel:  0.202087 -0.349976  0.920654
gyro:   0.269165  0.553284 -0.403748
accel:  0.167480 -0.339539  0.903992
gyro:  -0.254211  0.957031 -0.538330
accel:  0.204468 -0.339966  0.934692
gyro:  -1.547699  0.426178 -0.246735
accel:  0.182129 -0.340576  0.914490
gyro:   2.893524  1.091614 -0.216827
accel:  0.191956 -0.348145  0.911621
gyro:   0.530853 -0.702820 -0.336456
accel:  0.200867 -0.336609  0.918213
gyro:   0.732727  0.201874  0.186920
accel:  0.187561 -0.345825  0.913086
gyro:   2.160797 -0.067291 -0.134583
accel:  0.186584 -0.348083  0.913025
gyro:  -0.089722 -0.560760  0.097198
accel:  0.202026 -0.352112  0.921326
gyro:  -0.284119  1.114044 -0.014954
accel:  0.191772 -0.354126  0.927368
gyro:   0.927124  0.269165  0.209351
accel:  0.197144 -0.339600  0.912048
gyro:   0.897217 -0.897217 -0.209351
accel:  0.184570 -0.348022  0.916931
gyro:   0.590668 -0.538330 -0.201874
accel:  0.191833 -0.340637  0.909851
gyro:   0.074768  0.792542 -0.343933
accel:  0.198364 -0.346191  0.918945
gyro:   1.248627  0.702820  0.119629
accel:  0.194275 -0.354919  0.913391
gyro:  -0.493469 -0.328979  0.261688
accel:  0.197693 -0.350708  0.913330
gyro:   0.523376  0.478516  0.971985
accel:  0.193604 -0.351562  0.915161
gyro:  -0.411224 -1.031799 -0.366364
accel:  0.185486 -0.340332  0.911865
gyro:  -1.271057  0.358887  0.388794
accel:  0.202881 -0.355347  0.936279
gyro:  -0.403748 -0.568237 -0.269165
accel:  0.183105 -0.338684  0.908142
gyro:   1.712189  0.074768  0.456085
accel:  0.205078 -0.346863  0.925720
gyro:  -0.082245 -0.747681 -0.456085
accel:  0.189087 -0.337097  0.901672
gyro:  -0.717773 -0.216827  0.216827
accel:  0.203613 -0.349182  0.926147
gyro:  -1.271057  0.261688  0.074768
accel:  0.184082 -0.348389  0.917419
gyro:   1.114044  0.246735 -0.366364
accel:  0.201233 -0.343384  0.916016
gyro:   0.912170 -0.687866 -0.411224
accel:  0.190063 -0.347778  0.912537
gyro:   0.904694 -0.336456 -0.052338
accel:  0.193359 -0.352539  0.903076
gyro:  -0.239258 -0.328979  0.014954
accel:  0.196594 -0.348572  0.919067
gyro:  -0.321503  0.029907  0.104675
accel:  0.195618 -0.351746  0.927246
gyro:   0.097198  0.299072 -0.149536
accel:  0.207336 -0.340210  0.909363
gyro:  -0.822449  0.373840 -0.388794
accel:  0.192932 -0.348145  0.912292
gyro:  -1.398163  0.179443 -0.710297
accel:  0.186523 -0.344543  0.925415
gyro:  -1.368256  0.859833 -0.403748
accel:  0.194336 -0.348450  0.913025
gyro:  -1.054230  0.112152 -1.308441
accel:  0.198120 -0.342712  0.925232
gyro:  -0.927124  0.022430 -0.859833
accel:  0.207031 -0.343933  0.907593
gyro:  -0.485992 -2.923431 -0.022430
accel:  0.204041 -0.333923  0.920044
gyro:   0.358887 -2.115936  0.515900
accel:  0.189270 -0.333008  0.909302
gyro:  -1.420593  0.149536  1.211243
accel:  0.188110 -0.342773  0.934692
gyro:  -1.861725 -0.164490  1.151428
accel:  0.207275 -0.339478  0.931213
gyro:  -1.054230  0.657959  0.179443
accel:  0.169189 -0.344299  0.922668
gyro:   3.215027 -2.183228 -0.299072
accel:  0.175049 -0.332153  0.908630
gyro:  -1.039276  0.224304 -0.321503
accel:  0.184631 -0.337280  0.935486
gyro:  -0.471039  2.205658 -0.957031
accel:  0.184814 -0.337585  0.917297
gyro:   1.300964 -0.777588 -1.084137
accel:  0.179321 -0.339905  0.915344
gyro:  -0.471039 -0.328979 -0.336456
accel:  0.197144 -0.342041  0.926208
gyro:   0.575714 -0.800018 -0.366364
accel:  0.207275 -0.338440  0.921997
gyro:   1.136475 -0.336456  1.024323
accel:  0.219360 -0.332092  0.922363
gyro:  -0.231781 -0.680389  2.198181
accel:  0.190491 -0.335571  0.922119
gyro:   1.629944  0.381317  0.426178
accel:  0.177246 -0.354797  0.920959
gyro:   0.471039 -0.074768 -0.628052
accel:  0.179810 -0.335632  0.910522
gyro:   0.119629  1.629944 -0.485992
accel:  0.189819 -0.338867  0.925903
gyro:  -2.086029  1.143951  0.007477
accel:  0.189697 -0.334290  0.919617
gyro:  -0.463562  0.037384  1.091614
accel:  0.219482 -0.354126  0.915466
gyro:   0.022430  0.119629  1.054230
accel:  0.179138 -0.319702  0.915710
gyro:  -0.074768 -1.136475 -0.037384
accel:  0.213806 -0.348083  0.919922
gyro:  -1.929016  0.583191  0.927124
accel:  0.171997 -0.317261  0.910522
gyro:   0.089722 -0.022430 -0.097198
accel:  0.193909 -0.360107  0.939331
gyro:  -0.029907 -0.732727 -0.284119
accel:  0.192810 -0.328918  0.917358
gyro:  -4.276733 -0.523376 -0.239258
accel:  0.195312 -0.330139  0.935120
gyro:   0.732727 -0.396271 -0.867310
accel:  0.181580 -0.327271  0.899963
gyro:   0.613098 -0.224304 -1.742096
accel:  0.191956 -0.349487  0.934692
gyro:   1.831818 -0.957031 -0.687866
accel:  0.202576 -0.334290  0.918396
gyro:  -1.816864 -0.650482 -1.278534
accel:  0.160034 -0.324097  0.933716
gyro:  -2.272949  2.983246 -1.390686
accel:  0.181580 -0.329163  0.931702
gyro:   1.457977  2.190704 -2.235565
accel:  0.194885 -0.332458  0.912354
gyro:  -1.749573  1.039276 -1.330872
accel:  0.199280 -0.325439  0.940857
gyro:   0.657959 -0.523376 -0.276642
accel:  0.199951 -0.326782  0.904968
gyro:  -1.487885 -0.321503  0.426178
accel:  0.217773 -0.321899  0.919739
gyro:   2.063599  0.179443  1.263580
accel:  0.220215 -0.317932  0.916199
gyro:   1.457977 -1.652374  1.480408
accel:  0.194092 -0.310181  0.913147
gyro:   2.818756 -0.321503  2.093506
accel:  0.212463 -0.328491  0.925049
gyro:  -0.590668 -1.315918  1.674805
accel:  0.189026 -0.328064  0.923645
gyro:  -0.381317 -1.697235  0.314026
accel:  0.182007 -0.321228  0.918335
gyro:  -1.644897 -1.024323  0.209351
accel:  0.191223 -0.348694  0.928467
gyro:  -2.160797  2.504730 -1.592560
accel:  0.185547 -0.335815  0.924622
gyro:   1.360779  0.912170 -3.102875
accel:  0.178406 -0.332947  0.913086
gyro:   0.209351  2.385101 -1.951447
accel:  0.206665 -0.327820  0.928040
gyro:   0.912170 -1.338348  1.914062
accel:  0.230164 -0.327881  0.930298
gyro:  -0.269165  2.041168  2.624359
accel:  0.180847 -0.323303  0.917419
gyro:   0.291595  4.134674 -1.158905
accel:  0.191345 -0.346802  0.918945
gyro:   0.620575  2.093506 -1.435547
accel:  0.235107 -0.359741  0.934753
gyro:   0.044861  1.667328  0.426178
accel:  0.222595 -0.314270  0.928345
gyro:  -0.052338  0.014954  1.450500
accel:  0.208191 -0.325623  0.904175
gyro:   1.256104 -2.257996  0.291595
accel:  0.217102 -0.330872  0.915466
gyro:   0.515900  2.033691 -0.022430
accel:  0.219910 -0.340271  0.907532
gyro:   1.196289  0.074768 -0.695343
accel:  0.205078 -0.345764  0.923218
gyro:   0.104675  0.538330 -0.171967
accel:  0.221497 -0.341064  0.922485
gyro:   1.024323 -0.388794  0.037384
accel:  0.216248 -0.341125  0.904114
gyro:   0.059814  0.852356  0.590668
accel:  0.223083 -0.336975  0.909485
gyro:  -0.209351 -0.411224  0.471039
accel:  0.216675 -0.343262  0.908447
gyro:  -4.441223 -1.540222  0.269165
accel:  0.267700 -0.346130  0.985901
gyro:  -20.763092 -12.067566  2.011261
accel:  0.272766 -0.415649  1.093750
gyro:  -10.736694 -33.458710  0.284119
accel:  0.326233 -0.385132  0.965698
gyro:  -23.559418 -25.682831 15.611572
accel:  0.253052 -0.464355  1.069519
gyro:  -2.168274 -14.430237 38.430786
accel:  0.166809 -0.253906  1.105774
gyro:  -39.918671 -32.546539 28.067932
accel: -0.067322 -0.140747  1.138733
gyro:  -8.359070 -12.404022 39.956055
accel: -0.112366 -0.065186  1.012573
gyro:  -11.207733 -8.471222 18.991089
accel: -0.109436 -0.080139  0.941467
gyro:  -7.274933  7.484283  4.867401
accel: -0.152222 -0.032349  0.939941
gyro:  -23.133240 35.350342 -8.037567
accel:  0.104492  0.058960  0.894836
gyro:  -34.632568 24.673462 -15.933075
accel:  0.112366 -0.061707  0.804321
gyro:  -24.695892 13.413391 -0.448608
accel:  0.291504  0.051636  0.957764
gyro:  140.511627 13.338623 -21.555634
accel:  0.142944  0.136047  0.785461
gyro:  238.517609  2.272949 -121.206512
accel:  0.009216 -0.274475  0.464355
gyro:  -71.433411 41.257019 -64.607086
accel:  0.202637 -0.305115  0.508057
gyro:  -49.765625 -146.605225 26.684723
accel:  0.072021 -0.821289  0.775818
gyro:  238.554993 -69.893188 -1.562653
accel: -0.112122 -0.721619  0.820312
gyro:  72.682037 32.045593 -20.688324
accel:  0.418457  0.507324  0.447083
gyro:  193.417511 31.522217 -17.391052
accel:  0.026245 -0.143433  1.114502
gyro:  20.508881 -67.321167 -9.256287
accel: -0.100342 -0.142761  0.873413
gyro:  -68.831482 -69.893188 -4.830017
accel: -0.183960 -0.047302  1.134033
gyro:  35.798950 18.714447  0.456085
accel: -0.165527  0.065002  0.971375
gyro:  -23.312683 13.256378 -36.404572
accel: -0.060547 -0.059326  0.758789
gyro:  -2.736511 -16.972351 -30.056763
accel: -0.092834 -0.164001  0.895874
gyro:  -0.082245 -0.665436 -8.388977
accel: -0.078735  0.009094  0.973877
gyro:  72.696991 26.430511 -36.419525
accel: -0.149109  0.256348  1.620300
gyro:  25.832367 59.066772 -7.603912
accel: -0.015015 -0.167908  0.795593
gyro:  -17.570496 -9.592743  7.364655
accel: -0.019104  0.258667  0.971069
gyro:  -32.621307 25.376282 15.342407
accel:  0.041565 -0.061646  1.131836
gyro:  90.977783 59.993896 23.432312
accel:  0.093140 -0.240723  1.145386
gyro:   0.433655 42.857056 47 1.003723
gyro:  -3.334656  4.972076  0.426178
accel: -0.018005 -0.069763  1.005188
gyro:   5.630035  7.835693 -3.147736
accel:  0.006287 -0.024536  0.974609
gyro:  -7.192688  4.373932  4.209442
accel:  0.033813 -0.034180  0.996399
gyro:  10.931091  4.762726 12.523651
accel:  0.028870 -0.061096  0.978271
gyro:   8.134766  7.798309  9.532928
accel:  0.035706 -0.104553  0.991577
gyro:   0.022430  4.942169  5.884247
accel:  0.074524 -0.142273  1.044250
gyro:  -10.452576 -2.893524 -2.938385
accel:  0.002380 -0.116882  0.962341
gyro:   1.308441  0.859833 -9.024506
accel:  0.039917 -0.068787  0.996826
gyro:  -3.932800  5.831909 -2.886047
accel:  0.028259 -0.087769  0.994263
gyro:  -6.145935 -4.493561 -6.938477
accel:  0.050842 -0.057861  1.001221
gyro:  -0.239258  0.762634 -2.160797
accel:  0.056030 -0.052246  1.015442
gyro:   0.269165 -1.876678 -1.323395
accel:  0.050232 -0.051514  0.998291
gyro:   2.302856 -2.048645  3.005676
accel:  0.049438 -0.046326  0.997009
gyro:  -2.145844 -1.330872 -4.755249
accel:  0.040527 -0.130005  1.068848
gyro:   0.388794 -2.220612  2.415009
accel:  0.034790 -0.029785  0.942749
gyro:  -1.480408 -7.813263 -0.209351
accel:  0.035889 -0.073792  0.984009
gyro:   4.964600 -2.175751  1.906586
accel:  0.018433 -0.055420  1.017639
gyro:  11.110535 -6.803894 -6.803894
accel: -0.021729 -0.127197  1.000671
gyro:  54.588165 33.301697 37.451324
accel: -0.042114 -0.147705  0.151001
gyro:  -50.378723 -5.009460 78.603668
accel:  0.000488 -0.013184  0.026428
gyro:  106.260376 35.656891 78.461609
accel:  0.001404  0.007812  0.008362
gyro:  158.777466 46.558075 85.811310
accel:  0.048584 -0.024353  0.099365
gyro:  238.554993 -242.794342 -156.168060
accel: -1.664246 -1.983521 -1.968994
gyro:  234.016571 -138.679810 148.377228
accel:  0.478210  1.140076  0.349915
gyro:  -128.885193 31.724091 -6.781464
accel:  0.121948  0.225464  0.963196
gyro:  40.142975 -77.355042 10.676880
accel:  0.092896  0.127441  1.055664
gyro:   8.635712 -37.877502 22.811737
accel: -0.110596  0.021729  1.054321
gyro:  16.763000 -53.347015 11.073151
accel: -0.029846  0.044067  0.883972
gyro:  -12.389069 -19.320068 75.059662
accel: -0.171997  0.013245  1.095703
gyro:   3.828125 21.473389 50.774994
accel: -0.129822  0.032715  0.913147
gyro:  89.347839 35.499878 -24.008026
accel: -0.162720  0.119202  1.278015
gyro:  -0.680389 -108.922119 -2.340240
accel: -0.204773 -0.013184  0.944641
gyro:  -22.348175  4.037476 19.103241
accel: -0.240479 -0.174133  0.746338
gyro:  -45.675812 41.369171 19.148102
accel: -0.250671 -0.068726  0.815063
gyro:  -19.125671 25.540771 19.222870
accel: -0.132019 -0.104980  0.973694
gyro:   4.530945 23.379974 23.507080
accel: -0.042847 -0.049255  1.106689
gyro:  19.260254  6.931000  5.532837
accel: -0.184998 -0.096802  1.074280
gyro:  -26.071625 17.794800 -4.231873
accel: -0.139465 -0.078430  1.026978
gyro:  -16.060181 -4.530945 -5.121613
accel:  0.003113 -0.003540  1.035156
gyro:  35.305481 -21.002350 -8.777771
accel: -0.086060 -0.008240  0.983032
gyro:  13.331146 -2.669220 -3.805695
accel: -0.127136 -0.088196  1.018433
gyro:   0.254211 -3.102875 -12.112427
accel: -0.117737 -0.093567  0.981445
gyro:   3.072968 -14.961090  2.100983
accel: -0.097961 -0.092773  1.045654
gyro:  16.209717 -9.921722 -2.429962
accel: -0.148254 -0.075989  0.973755
gyro:   4.037476 -10.946045  1.689758
accel: -0.158264 -0.170898  0.958313
gyro:   3.274841 -2.684174 -3.065491
accel: -0.160461 -0.143066  0.961182
gyro:  -2.347717 -1.577606 -6.893616
accel: -0.173340 -0.116760  0.996521
gyro:  -3.970184  2.100983 -2.228088
accel: -0.172424 -0.103577  0.970703
gyro:   0.097198 -3.035583 -0.508423
accel: -0.176147 -0.115479  0.984863
gyro:   0.628052 -3.648682 -1.016846
accel: -0.165100 -0.126709  0.983215
gyro:  -1.958923  0.979462  1.772003
accel: -0.161621 -0.122986  0.985657
gyro:   8.388977 -6.003876 -1.899109
accel: -0.185608 -0.111267  0.963867
gyro:  -3.521576  1.300964  0.029907
accel: -0.188538 -0.138794  0.960022
gyro:  -2.467346  0.912170 -1.555176
accel: -0.184570 -0.136353  0.981628
gyro:   7.925415 -9.278717 -0.837402
accel: -0.192322 -0.107300  0.971985
gyro:  -2.669220 -0.695343 -0.194397
accel: -0.187500 -0.143494  0.953613
gyro:   3.858032 -0.493469 -1.009369
accel: -0.200623 -0.144226  0.985718
gyro:   4.665527 -4.097290 -0.149536
accel: -0.196350 -0.120850  0.981506
gyro:   0.814972 -0.500946  0.912170
accel: -0.205688 -0.133789  0.962769
gyro:  -0.560760 -0.859833 -0.538330
accel: -0.203003 -0.174194  0.966858
gyro:  -1.256104  0.770111 -2.011261
accel: -0.223267 -0.137573  0.946594
gyro:   1.375732  0.299072 -1.682281
accel: -0.206665 -0.136536  0.981384
gyro:  -1.128998 -2.325287 -1.390686
accel: -0.203003 -0.145203  0.978943
gyro:   1.218719 -1.128998 -0.246735
accel: -0.212585 -0.154968  0.964600
gyro:  -0.463562 -0.560760  0.568237