accel: -0.019653 -0.107544  0.983276
gyro:   0.328979  0.119629  0.628052
accel: -0.022583 -0.113037  0.979919
gyro:  -0.149536  0.441132  0.523376
accel: -0.019409 -0.112549  0.996521
gyro:  -0.530853  1.061707  0.149536
accel: -0.014282 -0.124695  0.995361
gyro:   0.964508  1.742096 -0.643005
accel: -0.017090 -0.110535  0.978088
gyro:   0.366364  0.209351  0.097198
accel: -0.014038 -0.121765  1.007385
gyro:   2.467346  0.269165 -0.194397
accel: -0.016418 -0.119995  0.988586
gyro:  -0.373840 -1.360779 -1.353302
accel: -0.014038 -0.118469  0.992737
gyro:  -0.164490 -2.729034 -2.183228
accel: -0.015137 -0.122681  0.997192
gyro:   3.185120  1.091614 -1.308441
accel: -0.023132 -0.121948  0.981567
gyro:  -0.299072  2.923431  1.054230
accel: -0.019043 -0.139648  0.990601
gyro:  -0.029907 -3.820648  1.891632
accel: -0.007385 -0.126953  0.999939
gyro:   0.149536 -4.448700 -2.130890
accel: -0.028015 -0.118958  0.985718
gyro:   1.151428 -0.702820 -0.538330
accel: -0.027954 -0.116882  0.981201
gyro:  -1.772003  2.639313  0.171967
accel: -0.022949 -0.121094  0.993958
gyro:   1.375732 -0.807495  0.007477
accel: -0.023804 -0.123047  1.004456
gyro:   0.471039  0.000000 -0.052338
accel: -0.027405 -0.131836  1.005371
gyro:   2.407532  0.740204 -0.530853
accel: -0.025574 -0.132874  0.981628
gyro:   0.829926 -0.665436  1.779480
accel: -0.028503 -0.131653  0.993103
gyro:   2.863617 -0.216827  1.420593
accel: -0.021118 -0.133545  0.992737
gyro:   2.624359  0.859833  0.014954
accel: -0.019714 -0.148010  1.000793
gyro:  -1.226196 -0.456085 -1.495361
accel: -0.021667 -0.154297  0.985596
gyro:  -2.003784  0.314026  0.306549
accel: -0.021912 -0.150757  0.991150
gyro:  -0.897217 -0.986938  0.321503
accel: -0.025085 -0.133667  0.995361
gyro:   0.276642  0.186920 -0.336456
accel: -0.022461 -0.130310  0.988159
gyro:  -3.416901  0.441132 -1.966400
accel: -0.032837 -0.130554  0.991028
gyro:  -3.970184 -4.687958 -1.629944
accel: -0.032654 -0.126404  0.994263
gyro:  -3.334656 -3.454285 -1.039276
accel: -0.040955 -0.129333  1.008484
gyro:   1.345825 -0.358887 -1.256104
accel: -0.035583 -0.109985  1.002380
gyro:  -3.895416  1.981354 -1.629944
accel: -0.031982 -0.104675  0.979187
gyro:  -1.226196  2.310333 -0.471039
accel: -0.031433 -0.108521  0.981506
gyro:  -4.306641  3.177643  1.861725
accel: -0.033325 -0.111694  0.987061
gyro:  -2.534637 -0.097198  1.570129
accel: -0.024292 -0.099670  0.993652
gyro:  -0.029907 -4.949646 -0.254211
accel: -0.033264 -0.099243  0.993408
gyro:  -1.405640 -2.930908 -1.315918
accel: -0.039734 -0.090210  0.986084
gyro:  -2.534637 -0.194397 -1.345825
accel: -0.033203 -0.085693  1.000000
gyro:  -3.618774 -0.201874  0.134583
accel: -0.040039 -0.083008  0.982910
gyro:   1.405640  1.413116  1.929016
accel: -0.030823 -0.086121  0.982544
gyro:   2.758942  1.592560  0.478516
accel: -0.032776 -0.081421  1.005737
gyro:  -3.125305  3.521576 -2.841187
accel: -0.033936 -0.103943  1.012634
gyro:  -3.267365 -1.809387 -0.523376
accel: -0.039001 -0.087830  0.980042
gyro:  -4.471130 -3.274841  1.457977
accel: -0.040222 -0.083679  0.988525
gyro:  -1.772003 -2.325287  0.448608
accel: -0.044312 -0.081299  0.990723
gyro:  -2.265472  1.353302  0.014954
accel: -0.046997 -0.060364  0.976562
gyro:  -1.936493  0.732727  0.037384
accel: -0.044800 -0.070374  1.000244
gyro:   0.418701  0.306549  0.695343
accel: -0.031311 -0.075317  1.004578
gyro:  -2.586975  2.228088 -0.082245
accel: -0.044067 -0.063293  0.990845
gyro:  -0.186920  1.786957  1.039276
accel: -0.036499 -0.073181  1.005127
gyro:  -1.099091  0.269165 -0.717773
accel: -0.028809 -0.072205  1.000854
gyro:   0.770111 -1.869202 -0.119629
accel: -0.030273 -0.070374  1.003113
gyro:  -2.773895  0.441132 -0.725250
accel: -0.033203 -0.076477  0.995483
gyro:  -0.971985 -0.822449 -0.074768
accel: -0.035156 -0.071411  0.997620
gyro:   1.091614 -1.226196 -0.598145
accel: -0.036743 -0.051880  0.979370
gyro:  -0.418701  2.527161 -0.695343
accel: -0.040039 -0.067505  1.006348
gyro:   3.895416  3.125305  1.435547
accel: -0.033997 -0.070435  0.987000
gyro:  -1.517792 -2.205658 -1.263580
accel: -0.027771 -0.063965  0.988220
gyro:  -1.443024 -2.310333  0.314026
accel: -0.036743 -0.079834  0.999390
gyro:  -1.241150 -0.538330 -1.345825
accel: -0.030457 -0.065918  0.989319
gyro:  -0.770111  0.336456 -1.413116
accel: -0.037354 -0.076111  1.000000
gyro:   1.861725  2.093506 -0.089722
accel: -0.035522 -0.078735  0.988586
gyro:   1.674805  1.375732 -0.807495
accel: -0.031311 -0.077637  0.994019
gyro:   0.388794 -0.089722 -0.844879
accel: -0.025818 -0.075073  0.978638
gyro:  -0.508423 -0.530853 -0.411224
accel: -0.034485 -0.076538  1.002380
gyro:   0.725250  0.448608 -1.540222
accel: -0.025940 -0.076538  1.004639
gyro:   1.757050  1.824341 -0.291595
accel: -0.039062 -0.078491  0.999817
gyro:  -2.901001 -2.302856 -0.665436
accel: -0.028931 -0.073364  0.984192
gyro:  -0.882263 -0.800018 -0.037384
accel: -0.029541 -0.065796  0.979431
gyro:  -2.168274  0.523376  0.433655
accel: -0.032288 -0.067017  0.993530
gyro:  -0.067291  0.074768 -0.590668
accel: -0.033752 -0.069031  1.004700
gyro:  -0.276642  1.001892 -0.650482
accel: -0.030945 -0.069153  0.994568
gyro:  -1.637421 -0.134583 -0.134583
accel: -0.037598 -0.065674  0.998413
gyro:   7.544098 -0.246735  4.216919
accel: -0.012756 -0.077026  1.001343
gyro:   2.400055  4.545898  0.598145
accel: -0.024719 -0.091675  0.991760
gyro:  -3.813171 -2.609406 -1.457977
accel: -0.024170 -0.078003  0.995422
gyro:  -1.958923 -2.093506 -1.861725
accel: -0.024963 -0.077026  0.996399
gyro:  -1.824341  0.949554  1.300964
accel: -0.033386 -0.079346  1.000366
gyro:  -0.433655  0.583191 -0.052338
accel: -0.022583 -0.064514  0.986145
gyro:   2.482300  0.598145 -1.450500
accel: -0.030884 -0.060791  0.989014
gyro:  -3.117828  1.300964 -0.119629
accel: -0.028076 -0.066895  1.006714
gyro:   1.315918 -0.508423 -0.112152
accel: -0.024048 -0.062683  1.005981
gyro:   0.254211  0.471039 -1.884155
accel: -0.028625 -0.069702  0.992554
gyro:  -0.717773  0.478516 -0.351410
accel: -0.031982 -0.071472  1.003052
gyro:   1.951447 -0.022430 -0.657959
accel: -0.027466 -0.074829  0.987244
gyro:   1.428070  1.218719  1.607513
accel: -0.023865 -0.071777  1.000549
gyro:   0.448608  0.433655  0.142059
accel: -0.014282 -0.069397  1.006653
gyro:  -0.328979  0.897217 -1.256104
accel: -0.027222 -0.072998  1.005676
gyro:  -1.323395  0.568237 -0.665436
accel: -0.013855 -0.065613  0.982239
gyro:  -2.280426 -1.315918 -0.471039
accel: -0.028809 -0.050781  0.996094
gyro:  -2.138367 -0.224304 -0.037384
accel: -0.018738 -0.051453  1.000977
gyro:  -1.091614  0.792542 -0.994415
accel: -0.026917 -0.051697  0.994446
gyro:   2.848663  0.912170  0.052338
accel: -0.021790 -0.061768  0.998291
gyro:  -3.880463  2.669220 -1.128998
accel: -0.015076 -0.064697  0.979370
gyro:  -44.823456 58.879852 36.748505
accel: -0.070190 -0.021240  0.097473
gyro:  -90.132904 -24.112701 60.023804
accel:  0.009644  0.013794 -0.002563
gyro:  150.493164 28.748322 43.866425
accel: -0.011292 -0.021729 -0.087036
gyro:  218.905945 15.118103 60.038757
accel:  0.081848  0.219055 -0.282776
gyro:  -170.740356 242.599945 -156.519470
accel: -0.067688 -1.984009 -1.961670
gyro:  162.231750 -24.030457 -14.258270
accel:  0.684021 -0.485718  1.067444
gyro:  122.283173 -16.329346 -5.099182
accel:  0.006897  0.211792  0.766357
gyro:  -27.955780 40.449524  1.876678
accel:  0.185486  0.009521  0.906799
gyro:  -0.919647 11.835785 11.932983
accel:  0.173584 -0.097717  0.995850
gyro:  -13.061981 -1.091614 -7.140350
accel:  0.156250 -0.280518  0.949951
gyro:  17.219086  4.904785  4.927216
accel: -0.024963 -0.335876  0.996033
gyro:  18.213501  2.669220 -2.071075
accel:  0.021179 -0.249756  1.015076
gyro:   0.538330  0.620575 -4.433746
accel:  0.042236 -0.254333  1.029968
gyro:   5.914154  0.897217 -1.188812
accel:  0.065857 -0.239868  1.166870
gyro:  -13.510590 16.060181 -0.695343
accel:  0.110168 -0.267334  0.941711
gyro:  -11.738586 -14.422760  3.185120
accel:  0.084412 -0.244080  0.830994
gyro:  -4.568329 -5.241241  9.166565
accel:  0.023438 -0.247009  0.964722
gyro:  14.250793  3.043060  2.848663
accel:  0.015015 -0.250427  1.024536
gyro:   9.398346  5.316010 -4.889832
accel:  0.064758 -0.277893  0.970337
gyro:   2.295380  3.536530 -2.564545
accel:  0.088257 -0.286987  0.915588
gyro:   4.927216 -1.958923  0.052338
accel:  0.058777 -0.276428  0.968811
gyro:  -8.403931  1.405640  0.957031
accel:  0.084290 -0.304565  0.992981
gyro:  -3.252411  0.545807  1.076660
accel:  0.070068 -0.311279  0.965088
gyro:  -3.386993 -0.059814 -2.018738
accel:  0.069214 -0.244202  0.926636
gyro:   8.560944 -2.863617  0.822449
accel:  0.077332 -0.297668  0.970459
gyro:   0.762634  2.624359  0.119629
accel:  0.100525 -0.281189  0.974976
gyro:   0.747681 -2.564545  1.570129
accel:  0.082703 -0.309082  0.947754
gyro:   2.848663 -0.418701  1.084137
accel:  0.060120 -0.301819  0.977539
gyro:  -0.814972  3.730927  0.680389
accel:  0.081970 -0.282776  0.933105
gyro:   1.719666  0.979462  0.508423
accel:  0.075439 -0.299255  0.958801
gyro:   0.396271 -0.897217 -0.672913
accel:  0.064087 -0.284119  0.931763
gyro:  -1.600037 -1.076660 -0.089722
accel:  0.092529 -0.283447  0.951050
gyro:   0.710297  2.773895  0.059814
accel:  0.072876 -0.283997  0.927002
gyro:   1.899109  1.330872 -0.770111
accel:  0.100098 -0.308105  0.972412
gyro:  -3.200073 -1.667328 -0.889740
accel:  0.070862 -0.269287  0.940369
gyro:   0.216827 -0.620575 -0.650482
accel:  0.101257 -0.284424  0.961243
gyro:  -6.841278  0.321503  0.157013
accel:  0.086975 -0.278687  0.960449
gyro:   0.725250  1.166382  1.465454
accel:  0.092773 -0.271240  0.939514
gyro:   0.358887 -4.127197  0.942078
accel:  0.071960 -0.279724  0.983582
gyro:  -0.912170  2.572021 -0.403748
accel:  0.092102 -0.264954  0.942749
gyro:   4.882355 -4.216919  2.265472