gyro:  -2.220612  0.964508  0.859833
accel:  0.114075 -0.261169  0.975830
gyro:  -2.033691  0.246735 -0.979462
accel:  0.128479 -0.268616  0.956421
gyro:   2.841187  0.852356  0.044861
accel:  0.127441 -0.257202  0.960388
gyro:  -0.314026 -0.740204 -0.471039
accel:  0.128845 -0.259583  0.966614
gyro:   1.517792  2.609406 -0.814972
accel:  0.127258 -0.250549  0.948975
gyro:   2.579498 -2.086029 -0.366364
accel:  0.144714 -0.257446  0.965942
gyro:  -0.059814  0.186920  0.530853
accel:  0.126953 -0.258667  0.940857
gyro:  -0.889740  0.366364 -0.874786
accel:  0.127991 -0.254456  0.953552
gyro:  -1.203766  0.740204  0.590668
accel:  0.133057 -0.268311  0.961792
gyro:  -0.134583  0.702820 -0.261688
accel:  0.134827 -0.243896  0.955444
gyro:  -1.009369 -1.001892 -0.605621
accel:  0.121338 -0.244385  0.950012
gyro:  -0.119629 -0.328979  1.263580
accel:  0.137146 -0.255615  0.964539
gyro:  -0.829926 -0.545807  0.508423
accel:  0.132629 -0.243164  0.951538
gyro:  -1.637421  1.061707 -0.418701
accel:  0.123291 -0.254089  0.957092
gyro:   2.026215  1.001892  0.179443
accel:  0.140381 -0.254272  0.951660
gyro:  -2.601929  0.493469  0.142059
accel:  0.126343 -0.238464  0.965393
gyro:   0.441132 -0.119629 -0.605621
accel:  0.142212 -0.248718  0.951660
gyro:  -0.044861 -1.891632  0.672913
accel:  0.132568 -0.236450  0.977112
gyro:  -1.824341 -1.570129 -1.854248
accel:  0.112915 -0.234680  0.944580
gyro:  -4.306641  3.461761 -2.287903
accel:  0.121094 -0.230835  0.973267
gyro:  -3.813171  3.596344 -5.256195
accel:  0.119934 -0.216614  0.938110
gyro:  -0.829926  2.998199 -5.001984
accel:  0.177673 -0.237305  0.950439
gyro:   0.702820  0.702820 -1.016846
accel:  0.165588 -0.227600  0.954407
gyro:  -0.209351  8.501129 -2.310333
accel:  0.159485 -0.215942  0.936157
gyro:   8.800201 -3.753357  0.037384
accel:  0.180969 -0.223633  0.994873
gyro:   5.009460  1.315918  2.385101
accel:  0.160950 -0.243042  0.963196
gyro:  -6.631927  5.802002 -2.317810
accel:  0.152832 -0.237244  0.977051
gyro:  -2.370148  6.751556 -3.028107
accel:  0.132751 -0.251160  0.994751
gyro:  -8.957214  9.876862 -5.585175
accel:  0.173218 -0.230957  0.965149
gyro:  -19.521942 26.707153 -7.484283
accel:  0.184875 -0.251221  0.946655
gyro:  -6.990814  7.716064 -8.822632
accel:  0.283264 -0.178955  0.947754
gyro:   1.525269 -1.420593 -4.142151
accel:  0.253784 -0.194153  0.925903
gyro:  -1.353302 -4.172058 -6.056213
accel:  0.142700 -0.230286  1.003418
gyro:  -7.334747  5.241241 -11.312408
accel:  0.200745 -0.209961  0.909851
gyro:  -1.166382  1.958923 -7.663727
accel:  0.266418 -0.230286  0.929810
gyro:   2.960815 -2.220612 -0.927124
accel:  0.248962 -0.223083  0.990540
gyro:  -5.405731 -0.515900  1.749573
accel:  0.204895 -0.249878  0.934326
gyro:   4.486084 -3.573914  1.031799
accel:  0.189087 -0.224976  0.932800
gyro:   2.818756 -3.858032  2.235565
accel:  0.193176 -0.236450  0.992676
gyro:   1.727142  0.396271 -2.676697
accel:  0.180664 -0.174255  0.898743
gyro:  -14.026489 -1.667328  1.016846
accel:  0.240540 -0.222351  0.954102
gyro:   3.185120  0.284119  0.426178
accel:  0.191528 -0.153259  0.996460
gyro:  -3.581390  0.194397 -1.278534
accel:  0.187439 -0.219727  0.906250
gyro:  -3.715973  1.353302  0.314026
accel:  0.182312 -0.198914  0.985596
gyro:   2.938385 -3.327179 -1.607513
accel:  0.189758 -0.197510  0.918579
gyro:  -0.067291  2.624359 -0.216827
accel:  0.221680 -0.207397  0.992615
gyro:   2.676697  1.143951  1.345825
accel:  0.201233 -0.183289  0.931885
gyro:   2.901001 -1.308441  1.271057
accel:  0.204163 -0.213684  0.977600
gyro:   1.338348  0.994415 -1.315918
accel:  0.192139 -0.213562  0.961487
gyro:  -1.809387 -0.485992 -1.323395
accel:  0.200928 -0.194824  0.954163
gyro:  -0.246735 -1.390686 -0.254211
accel:  0.194336 -0.192505  0.949524
gyro:   0.583191  0.650482  0.702820
accel:  0.207275 -0.199646  0.944458
gyro:   0.478516 -0.650482 -0.433655
accel:  0.192078 -0.193237  0.942261
gyro:   2.003784 -1.689758  1.188812
accel:  0.224854 -0.218384  0.968323
gyro:   0.986938  1.816864  0.560760
accel:  0.206665 -0.207886  0.949036
gyro:   3.252411  1.697235  1.166382
accel:  0.198792 -0.215698  0.962708
gyro:   2.661743 -8.471222  3.170166
accel:  0.228149 -0.208679  0.951843
gyro:  -4.299164 -0.014954  1.196289
accel:  0.203186 -0.229614  0.943115
gyro:   6.175842 -6.841278 -0.942078
accel:  0.164795 -0.199829  0.960083
gyro:   1.988831 -0.971985  1.158905
accel:  0.208252 -0.218018  0.967224
gyro:   2.960815 -4.725342 -0.306549
accel:  0.195312 -0.226379  0.988403
gyro:  10.519867 -32.150269  1.203766
accel:  0.228149 -0.239319  1.032898
gyro:  13.966675 -39.365387 -15.619049
accel:  0.111511 -0.472473  1.098755
gyro:  16.927490 -36.838226 40.501862
accel:  0.278320 -0.310364  0.976379
gyro:  46.453400 -35.731659 35.320435
accel: -0.049622 -0.210327  1.276123
gyro:  -14.019012 -34.221344 13.301239
accel: -0.305115 -0.396973  1.385925
gyro:  -125.774841 35.978394 -3.035583
accel: -0.180725 -0.293213  1.063416
gyro:  -160.145721 85.930939 -37.458801
accel: -0.136719 -0.062561  0.967834
gyro:  -79.642944 72.255859 -31.163330
accel:  0.028076  0.079712  0.673096
gyro:  -7.073059 24.247284 -27.484741
accel:  0.061401  0.274963  0.612122
gyro:  127.898254 -12.957306 -18.460236
accel:  0.388489  0.438232  0.596069
gyro:  82.902832  6.400146 -13.570404
accel:  0.185852 -0.047180  0.923706
gyro:  -143.509827 48.659058 12.052612
accel:  0.225647 -0.122864  1.238831
gyro:  117.109222 -70.543671 -5.383301
accel:  0.357483  0.098145  0.737427
gyro:  -137.991943 -33.862457 44.808502
accel:  0.403687  0.073059  0.704224
gyro:  -115.240021 -29.585724 -32.539062
accel: -0.061401 -0.467224  0.889587
gyro:  171.988983 26.295929 22.804260
accel:  0.223816  0.207520  0.886414
gyro:  32.980194 -1.368256 -11.484375
accel:  0.197021  0.101685  1.166870
gyro:   6.639404 -10.811462 -26.445465
accel:  0.258484  0.064209  0.791931
gyro:  -21.757507 -21.914520 -20.964966
accel:  0.128967 -0.048401  1.151306
gyro:  -11.372223 -18.572388 -9.129181
accel:  0.116211 -0.076111  1.367737
gyro:  -114.604492  2.071075 -44.950562
accel: -0.004822  0.078064  0.762817
gyro:  -60.823822 -14.048920 -23.447266
accel:  0.047180  0.402527  0.956116
gyro:  -45.675812 -24.673462 -55.104065
accel:  0.006287  0.570679  0.844666
gyro:  113.281097 -7.110443 -6.086121
accel:  0.215271  0.504272  0.910339
gyro:  -40.090637  7.745972 -22.407990
accel:  0.061768  0.296692  0.924561
gyro:  24.135132 -29.279175 -33.241882
accel:  0.240173  0.400574  1.029236
gyro:  25.017395 -34.004517 -18.355560
accel:  0.130066  0.135620  1.084045
gyro:  80.958862 -34.109192 -8.045044
accel: -0.178833  0.116699  1.021118
gyro:   9.278717 -6.310425 26.206207
accel:  0.022522  0.050415  1.072632
gyro:  72.824097 -14.235840 36.090546
accel: -0.296692 -0.114014  0.888977
gyro:  -9.861908 32.875519 11.925507
accel:  0.055481  0.033875  1.114868
gyro:  -63.007050 30.146484 -6.916046
accel:  0.121826  0.118225  0.504517
gyro:  43.993530 -18.049011 -5.854340
accel: -0.007629 -0.010681  1.016785
gyro:  -1.248627 -19.088287 29.353943
accel: -0.109802 -0.210754  0.973938
gyro:  -33.907318 -11.783447 36.247559
accel: -0.123779 -0.006714  0.929932
gyro:  -5.644989 15.776062 20.905151
accel:  0.026001  0.068848  0.939270
gyro:  -37.421417 28.187561 11.499329
accel: -0.061829  0.086426  0.867126
gyro:   9.114227  3.035583 13.503113
accel: -0.010437  0.089233  0.950073
gyro:   5.121613  7.289886  7.962799
accel: -0.072021  0.139954  0.820190
gyro:  64.068756 -4.089813  2.631836
accel: -0.028442  0.014282  0.944214
gyro:   3.701019  3.035583  1.943970
accel: -0.019958  0.025940  0.973083
gyro:  -8.306732 -5.607605 -0.007477
accel:  0.002991 -0.051758  1.035156
gyro:  11.686249 -11.222687  6.003876
accel: -0.019348 -0.035767  1.006104
gyro:   8.104858 -1.794434  6.811371
accel: -0.029968 -0.039062  0.997498
gyro:  18.609772  2.063599  5.166473
accel: -0.034119 -0.088196  1.016907
gyro:   8.964691 10.220795  2.115936
accel: -0.034973 -0.111938  0.965881
gyro:  -0.396271  5.136566 -2.175751
accel:  0.007751 -0.091553  0.960815
gyro:  -0.209351 -2.272949 -4.964600
accel:  0.015686 -0.088989  1.013306
gyro:   6.788940 -4.538422 -0.882263
accel:  0.003723 -0.101501  1.000122
gyro:  -5.046844 -2.011261 -0.328979
accel:  0.012878 -0.104614  0.992615
gyro:  -2.287903 -6.325378 -0.889740
accel: -0.008728 -0.099182  1.009460
gyro:  -5.659943 -5.450592  1.315918
accel: -0.015442 -0.091553  0.990540
gyro:   5.009460 -0.874786 -1.099091
accel: -0.032043 -0.076538  0.992737
gyro:   5.450592 -0.119629 -1.069183
accel: -0.012573 -0.129517  1.006836
gyro:   5.585175 -4.493561 -0.889740
accel: -0.035156 -0.091125  1.071106
gyro:   5.809479 -5.824432 -3.028107
accel: -0.036011 -0.090271  1.002441
gyro:  -2.706604 -1.173859 -1.368256
accel: -0.058228 -0.124512  1.000793
gyro:  -10.482483  6.721649  6.011353
accel: -0.057068 -0.091797  0.986328
gyro:   0.426178  4.037476 -0.508423
accel: -0.039734 -0.083191  1.008545
gyro:   1.203766  6.422577  1.607513
accel: -0.011230 -0.105957  0.981384
gyryro:  -0.029907 -1.315918  1.271057
accel: -0.037292 -0.061584  0.997559
gyro:   0.568237 -0.022430  1.084137
accel: -0.038025 -0.067444  1.000854
gyro:   0.485992 -0.037384  0.643005
accel: -0.041077 -0.056274  0.984802
gyro:  -0.508423  2.198181  0.672913
accel: -0.038757 -0.060852  1.008728
gyro:   0.336456  1.510315  0.859833
accel: -0.035034 -0.059265  1.003174
gyro:   0.022430 -1.450500 -0.762634
accel: -0.034668 -0.064636  1.006836
gyro:   2.489777 -1.996307 -1.338348
accel: -0.029236 -0.055115  1.009521
gyro:   6.130981 -2.407532 -2.086029
accel: -0.035767 -0.070801  0.998169
gyro:   5.525360 -3.977661 -1.981354
accel: -0.048889 -0.079041  0.995605
gyro:  -3.072968 -2.160797  0.829926
accel: -0.056274 -0.088806  0.985840
gyro:  -2.310333 -1.315918  0.927124
accel: -0.060913 -0.071899  0.992676
gyro:  -8.927307  2.257996 -1.286011
accel: -0.052307 -0.072144  0.989136
gyro:  15.409698 -3.192596 -1.383209
accel: -0.055725 -0.086365  1.002686
gyro:  -3.259888 -4.194489  0.306549
accel: -0.053162 -0.105164  0.992188
gyro:   9.286194 -3.940277  0.657959
accel: -0.074585 -0.093262  0.993408
gyro:  10.699310 -4.620667 -1.293488
accel: -0.069519 -0.094055  0.969727
gyro:  -14.863892  1.674805 -1.360779
accel: -0.095703 -0.099609  0.957275
gyro:  -86.416931 81.265411 16.605988
accel: -0.036011 -0.031860  0.111511
gyro:  -41.630859 11.289978 41.070099
accel:  0.011780  0.014343  0.008057
gyro:  120.107422 67.799683 39.320526
accel: -0.001221 -0.013550  0.110229
gyro:  162.097168 71.425934 50.558167
accel:  0.049866 -0.018372  0.085571
gyro:  -184.781799 242.637329 -2.766418
accel:  0.042603 -0.148071  0.365112
gyro:  -81.399994 -12.680664 17.241516
accel:  0.529114 -0.280945  0.302856
gyro:  12.007751  0.321503  5.502930
accel:  0.311707  0.086365  1.107422
gyro:  24.905243 -25.032349  7.200165
accel:  0.206787  0.025696  1.078125
gyro:  17.368622  3.715973  3.693542
accel:  0.170105 -0.098511  0.944702
gyro:  14.594727 23.813629 -15.895691
accel:  0.148132 -0.126770  0.900208
gyro:  162.687836 -65.048218 25.159454
accel:  0.234253 -0.247559  0.980408
gyro:  21.458435 -22.490234  5.929108
accel:  0.024353 -0.375793  0.737671
gyro:  -57.960205 21.234131 -10.504913
accel:  0.025330 -0.343567  0.855896
gyro:  -26.026764  0.441132 -6.474915
accel:  0.013611 -0.462585  0.820068
gyro:  36.479340  3.895416 -2.407532
accel:  0.039429 -0.604797  0.896362
gyro:  27.103424 29.167023  1.719666
accel:  0.127625 -0.484985  0.953003
gyro:  12.643280 16.800385  6.572113
accel:  0.257874 -0.465515  0.841797
gyro:  -8.351593 23.462219 16.718140
accel:  0.182922 -0.431213  0.830811
gyro:  14.258270 -16.015320  6.818848
accel:  0.232666 -0.634766  0.954041
gyro:  -8.134766 -3.641205  4.800110
accel:  0.158386 -0.564819  0.753967
gyro:  19.349976  0.396271  0.620575
accel:  0.151978 -0.568848  0.794739
gyro:  -11.125488  6.392670 -7.230072
accel:  0.211487 -0.532471  0.855347
gyro:   2.235565 -3.222504 -1.293488
accel:  0.226257 -0.471313  0.800720
gyro:  -0.979462 -3.080444 -1.704712
accel:  0.189514 -0.554077  0.830261
gyro:   0.702820 -0.807495  0.695343
accel:  0.216248 -0.530640  0.797363
gyro:  12.770386  0.239258  3.177643
accel:  0.201599 -0.519470  0.826477
gyro:  -3.872986  2.272949 -0.186920
accel:  0.182617 -0.527405  0.841064
gyro:   2.115936  0.201874  1.106567
accel:  0.217834 -0.512939  0.804016
gyro:   1.405640 -1.719666  1.495361
accel:  0.187439 -0.525024  0.842285
gyro:  -4.471130 -0.426178 -0.343933
accel:  0.181030 -0.541687  0.798767
gyro:   0.112152  0.852356 -0.605621
accel:  0.216003 -0.519653  0.826111
gyro:  -0.515900  1.001892 -1.031799
accel:  0.191223 -0.548767  0.818604
gyro:  -1.300964 -1.009369 -0.396271
accel:  0.199280 -0.532898  0.820496
gyro:  -0.568237 -0.201874  1.196289
accel:  0.184875 -0.518921  0.830566
gyro:  -2.714081  1.465454  1.218719
accel:  0.203369 -0.522644  0.827148
gyro:  -1.383209  0.291595 -0.785065
accel:  0.203064 -0.530029  0.821045
gyro:   1.794434 -1.084137  0.530853
accel:  0.222900 -0.535645  0.822754
gyro:  -2.721558 -1.286011 -0.201874
accel:  0.204895 -0.499756  0.837280
gyro:  -0.396271 -0.276642 -0.074768
accel:  0.189941 -0.512817  0.829590
gyro:  -1.084137 -0.553284  0.291595
accel:  0.190369 -0.528992  0.833191
gyro:  -1.824341 -1.114044 -1.286011