gyro:  -0.306549 -0.082245 -0.351410
accel: -0.002930 -0.028931  1.000732
gyro:   0.097198 -0.097198  0.082245
accel:  0.001831 -0.014526  0.998108
gyro:   0.134583 -0.306549  0.052338
accel: -0.005981 -0.010315  0.994202
gyro:   0.104675 -0.067291  0.112152
accel: -0.005310 -0.011353  0.995422
gyro:  -0.201874 -0.164490 -0.119629
accel: -0.003540 -0.011963  0.983704
gyro:   0.127106  0.037384 -0.074768
accel: -0.003235 -0.015564  1.003052
gyro:   0.194397  0.149536 -0.022430
accel: -0.000793 -0.012451  0.991699
gyro:   0.157013 -0.022430 -0.074768
accel: -0.003296 -0.027466  0.996399
gyro:  -0.074768 -0.067291  0.082245
accel: -0.003906 -0.011841  0.993713
gyro:  -0.089722 -0.179443 -0.097198
accel: -0.004211 -0.014099  0.999146
gyro:   0.284119 -0.201874 -0.014954
accel: -0.002197 -0.012268  0.994324
gyro:   0.164490  0.239258 -0.029907
accel: -0.003296 -0.012085  0.995422
gyro:  -0.224304 -0.127106 -0.179443
accel: -0.003418 -0.012878  0.997253
gyro:   0.254211 -0.059814  0.000000
accel: -0.001770 -0.013062  0.992920
gyro:   0.201874  0.014954 -0.074768
accel: -0.002869 -0.012939  0.995850
gyro:   0.074768 -0.284119  0.022430
accel: -0.003601 -0.012329  0.989868
gyro:   0.014954  0.007477  0.089722
accel: -0.003113 -0.012939  0.994263
gyro:   0.074768 -0.343933  0.157013
accel:  0.000183 -0.009094  0.992981
gyro:   0.104675  0.059814  0.142059
accel: -0.003357 -0.015137  0.998230
gyro:  -0.142059 -0.179443  0.000000
accel: -0.000610 -0.010376  0.995911
gyro:   0.074768 -0.119629  0.044861
accel: -0.004211 -0.012512  0.993530
gyro:  -0.059814  0.014954  0.089722
accel: -0.001587 -0.014893  0.999512
gyro:   0.007477  0.037384  0.127106
accel: -0.005798 -0.010681  0.995605
gyro:  -0.074768  0.186920 -0.254211
accel: -0.002747 -0.001648  0.989441
gyro:  -0.142059  0.067291  0.104675
accel: -0.005127 -0.014404  0.996765
gyro:  -0.201874 -0.097198  0.067291
accel: -0.002136 -0.017456  0.996765
gyro:   0.246735  0.067291  0.089722
accel: -0.003479 -0.011963  1.000305
gyro:  -0.029907  0.000000  0.089722
accel: -0.000183 -0.014404  1.001953
gyro:   0.276642 -0.127106  0.179443
accel:  0.001221 -0.013855  1.003723
gyro:  -0.276642 -0.246735  0.007477
accel: -0.001770 -0.012756  0.992615
gyro:  -0.291595  0.014954 -0.358887
accel: -0.004456 -0.014832  0.995422
gyro:  -0.149536 -0.044861  0.059814
accel: -0.006348 -0.010132  0.989136
gyro:   0.067291  0.149536 -0.029907
accel: -0.002808 -0.012268  0.988708
gyro:   0.119629  0.059814  0.112152
accel: -0.002747 -0.012085  0.992615
gyro:  -0.142059 -0.119629 -0.044861
accel:  0.000305 -0.010925  0.997620
gyro:   0.164490  0.029907 -0.059814
accel: -0.000427 -0.011902  0.993896
gyro:  -0.097198 -0.104675  0.067291
accel: -0.003174 -0.013855  1.005981
gyro:   0.067291 -0.082245  0.246735
accel: -0.002930 -0.017944  1.012634
gyro:   0.216827 -0.179443  0.142059
accel: -0.004517 -0.012268  0.993652
gyro:   0.082245 -0.418701  0.082245
accel: -0.003052 -0.014709  0.989746
gyro:   0.104675  0.014954 -0.127106
accel: -0.005859 -0.011841  0.993103
gyro:   0.201874  0.089722 -0.082245
accel: -0.002258 -0.013550  0.999329
gyro:  -0.029907 -0.022430  0.179443
accel: -0.001465 -0.016418  0.986145
gyro:   0.029907 -0.044861 -0.067291
accel: -0.003296 -0.013550  0.997864
gyro:  -0.119629 -0.074768  0.037384
accel: -0.003784 -0.012695  0.998657
gyro:  -0.201874  0.134583 -0.149536
accel: -0.003540 -0.014771  1.004456
gyro:  -0.074768  0.179443 -0.142059
accel: -0.002563 -0.014282  0.991272
gyro:  -0.007477 -0.179443  0.082245
accel: -0.003906 -0.013977  1.000305
gyro:  -0.007477 -0.014954  0.149536
accel: -0.003418 -0.013367  0.990051
gyro:   0.157013 -0.179443 -0.014954
accel: -0.004028 -0.009888  0.994629
gyro:  -0.254211 -0.112152 -0.067291
accel: -0.002869 -0.014465  1.005249
gyro:   0.014954 -0.014954  0.224304
accel: -0.004822 -0.014099  0.997681
gyro:   0.007477  0.067291 -0.209351
accel: -0.000305 -0.012390  1.001404
gyro:   0.074768 -0.149536  0.112152
accel:  0.000000 -0.012573  1.005737
gyro:   0.052338 -0.157013 -0.052338
accel: -0.004333 -0.014404  0.999146
gyro:   0.067291  0.082245  0.014954
accel: -0.002625 -0.014038  0.998108
gyro:  -0.239258 -0.082245 -0.157013
accel: -0.001404 -0.013184  0.995789
gyro:   0.171967 -0.014954 -0.052338
accel:  0.000061 -0.014099  0.999146
gyro:   0.082245 -0.014954  0.112152
accel: -0.003174 -0.012451  1.000183
gyro:   0.082245 -0.119629  0.014954
accel: -0.002136 -0.014404  0.998169
gyro:  -0.097198 -0.104675 -0.216827
accel: -0.001038 -0.013000  0.999023
gyro:   0.089722  0.022430  0.104675
accel: -0.002930 -0.011902  0.996643
gyro:  -0.082245 -0.037384 -0.104675
accel: -0.002441 -0.011719  0.992310
gyro:  -0.216827  0.089722 -0.164490
accel:  0.000183 -0.014771  0.998901
gyro:  -0.097198 -0.171967 -0.194397
accel: -0.001465 -0.014526  1.000244
gyro:   0.186920  0.052338  0.089722
accel: -0.005432 -0.013855  0.997620
gyro:   0.157013 -0.112152  0.127106
accel: -0.004272 -0.012085  0.996948
gyro:   0.037384 -0.067291  0.104675
accel: -0.002380 -0.014709  1.002869
gyro:  -0.014954  0.142059 -0.134583
accel: -0.002930 -0.015564  0.995789
gyro:   0.216827  0.157013  0.089722
accel: -0.004578 -0.013733  0.997620
gyro:  -0.074768 -0.164490  0.059814
accel: -0.003662 -0.015503  1.003357
gyro:  -0.157013 -0.067291  0.000000
accel: -0.004883 -0.012634  0.998352
gyro:  -0.037384 -0.037384 -0.104675
accel: -0.002502 -0.013184  0.997864
gyro:   0.239258 -0.029907  0.328979
accel: -0.018738 -0.011780  1.015991
gyro:   0.052338 -0.134583 -0.014954
accel: -0.002808 -0.011169  0.994202
gyro:  -0.261688  0.007477 -0.089722
accel: -0.004211 -0.012329  0.995483
gyro:  -0.059814 -0.014954 -0.246735
accel: -0.002808 -0.011658  0.999390
gyro:   5.196381 -0.657959 14.908752
accel: -0.142456 -0.344116  1.097046
gyro:   0.007477  0.171967 10.661926
accel:  0.013062 -0.091492  0.998169
gyro:   3.656158  3.065491 47.500153
accel:  0.183533 -0.334900  1.279785
gyro:  -94.432068  2.078552 30.572662
accel:  0.057800  0.371765  1.054993
gyro:  39.664459 37.802734 38.213959
accel:  0.120422 -0.035828  0.750122
gyro:  -21.032257 26.587524 10.908661
accel:  0.072327 -0.141968  1.539246
gyro:  -211.937561 20.830383 -138.956451
accel:  0.190063 -0.984009  1.820801
gyro:  -22.041626 42.640228 26.639862
accel:  0.419067  0.261780  1.072815
gyro:   8.553467 -10.923615 27.073517
accel:  0.333130  0.278992  1.188904
gyro:  29.398804 -24.112701 69.250183
accel:  0.306335  0.062500  1.184082
gyro:  67.904358 -50.677795 54.259186
accel:  0.131104 -0.125916  0.996094
gyro:   5.091705 -19.716339 47.163696
accel:  0.059143 -0.101868  0.941162
gyro:   1.577606 -16.777954 38.894348
accel: -0.081238  0.009460  0.849426
gyro:  86.087952  5.248718 29.481049
accel: -0.194397 -0.022217  0.845032
gyro:  43.171082 16.306915 -4.949646
accel: -0.065369 -0.116943  1.052979
gyro:   5.443115 -4.127197 -5.076752
accel: -0.113525 -0.086975  1.695740
gyro:  -28.935242 -40.292511  9.301147
accel: -0.106140 -0.067993  1.133301
gyro:  -2.078552 -0.732727  6.385193
accel: -0.064514 -0.123657  0.864502
gyro:   0.306549 -15.424652 -4.904785
accel: -0.049255 -0.014526  0.988708
gyro:  -41.017761 -20.090179 52.995605
accel: -0.112793 -0.098511  0.963379
gyro:  -24.067841 31.888580 11.656342
accel: -0.175110 -0.052612  0.939270
gyro:  88.816986 70.932465 32.000732
accel:  0.006836 -0.003540  1.028687
gyro:   1.764526 16.329346 45.862732
accel:  0.124390 -0.063049  0.976624
gyro:  -34.243774 -32.479248 31.955872
accel:  0.083984 -0.044983  0.914185
gyro:  -19.806061 -17.787323 -9.009552
accel: -0.008545 -0.011292  0.838623
gyro:  -13.069458 10.489960 14.161072
accel:  0.040649 -0.012573  0.885559
gyro:   8.531036 12.972260  7.342224
accel:  0.036682 -0.037231  0.904114
gyro:  -16.366730 17.869568 11.828308
accel:  0.077026 -0.064087  0.959045
gyro:  -36.718597 -15.409698 -4.172058
accel:  0.033508 -0.017517  0.975098
gyro:  -50.558167  2.766418 -21.196747
accel:  0.020508  0.069397  0.971252
gyro:  -6.602020  0.598145 -6.145935
accel:  0.065857  0.153564  0.996460
gyro:  49.855347  9.607697  5.555267
accel:  0.067078  0.121582  0.970337
gyro:  38.527985 -1.861725  4.620667
accel:  0.078430  0.029236  1.005127
gyro:  27.993164 -0.859833  1.054230
accel:  0.054932 -0.008484  0.963196
gyro:  16.546173  8.478699  4.254303
accel:  0.097229 -0.047119  1.003540
gyro:  21.495819  5.001984  2.609406
accel:  0.096375 -0.082275  1.015930
gyro:  22.445374 -10.901184  2.243042
accel:  0.097656 -0.112244  0.991150
gyro:   4.381409 -1.525269  2.512207
accel:  0.070190 -0.141479  0.950134
gyro:  -2.205658  1.390686  2.100983
accel:  0.068115 -0.151855  0.983948
gyro:  -12.658234  0.538330  1.958923
accel:  0.083618 -0.128113  0.985291
gyro:  -5.876770 -5.413208  0.231781
accel:  0.074829 -0.123657  0.990234
gyro:  -9.846954 -7.566528 -1.517792
accel:  0.082642 -0.083984  0.980042
gyro:  -0.740204  4.800110 -1.173859
accel:  0.050293 -0.091187  0.986145
gyro:  17.234039  0.897217  4.119720
accel:  0.060791 -0.107971  0.989380
gyro:  11.491852 -3.476715 -0.127106
accel:  0.091614 -0.130981  0.955811
gyro:  -75.014801 10.295563 46.931915
accel:  0.002686 -0.030762  0.059875
gyro:  -68.233337 -18.789215 73.100739
accel: -0.008179  0.031067  0.010071
gyro:  179.772339 19.626617 44.135590
accel: -0.010437  0.056946 -0.043701
gyro:  238.517609 23.895874 19.970551
accel:  0.018799  0.046814  0.008057
gyro:  238.554993 192.438049 -1.734619
accel: -1.912170 -0.986206 -1.960388
gyro:  -120.885010 23.888397 17.256470
accel: -0.214539  0.535828  1.215271
gyro:  86.394501 -35.395203 41.496277
accel: -0.002869 -0.036804  1.339722
gyro:  30.236206 27.626801 -15.372314
accel:  0.068665  0.107727  1.099548
gyro:  65.332336 22.086487 28.935242
accel:  0.075073 -0.035767  1.035522
gyro:  -4.822540 -13.338623  2.773895
accel: -0.033203 -0.097229  0.964783
gyro:  -24.097748 20.164948 -8.732910
accel: -0.058350 -0.068481  0.961487
gyro:  -8.052521  2.953339  2.003784
accel: -0.107910 -0.122864  0.969666
gyro:  23.596802 -11.604004 -0.740204
accel: -0.063599 -0.071228  0.936707
gyro:  18.363037  6.108551 -9.308624
accel:  0.025757 -0.050415  0.961304
gyro:   1.248627 -1.256104 -5.398254
accel:  0.005676 -0.124512  1.016602
gyro:   5.016937  3.514099  2.968292
accel:  0.009644 -0.170654  1.034790
gyro:   7.058105  7.768402 -9.017029
accel: -0.014404 -0.153015  0.975281
gyro:  -14.333038 24.217377 -11.312408
accel:  0.141479 -0.111023  1.063660
gyro:  -26.871643 17.121887 -4.082336
accel:  0.043396 -0.111877  0.972229
gyro:   2.960815 25.869751  3.416901
accel:  0.061829 -0.117920  0.941040
gyro:  -19.948120 36.434479  6.370239
accel:  0.154602 -0.152283  0.900208
gyro:  20.120087 -19.806061 21.495819
accel:  0.114197  0.016907  1.056702
gyro:   4.336548 18.579865  6.871185
accel:  0.052063  0.010498  0.963379
gyro:  -1.839294 -4.680481  3.536530
accel:  0.102539 -0.191406  0.881470
gyro:  15.133057  6.198273 10.669403
accel:  0.222473 -0.152832  1.088623
gyro:  -9.869385  4.127197 -1.607513
accel:  0.075867 -0.179321  0.958130
gyro:   6.033783 13.091888 -13.540497
accel:  0.133484 -0.134277  0.931152
gyro:   5.256195 -0.157013 -1.308441
accel:  0.249023 -0.177307  1.027527
gyro:  -2.527161 -3.521576  1.502838
accel:  0.168884 -0.141602  0.984131
gyro:  -15.731201  6.938477 -8.000183
accel:  0.221985 -0.087952  0.975525
gyro:  -1.704712 -2.908478  0.074768
accel:  0.222290 -0.086731  0.900330
gyro:   2.056122 -0.284119  3.013153
accel:  0.205872 -0.119873  1.021912
gyro:   1.024323  1.181335  0.336456
accel:  0.180115 -0.113159  0.942993
gyro:   0.418701  1.816864  0.485992
accel:  0.219666 -0.114929  0.986633
gyro:  -0.800018 -1.293488 -1.143951
accel:  0.170654 -0.119446  0.974060
gyro:  -0.785065 -0.142059  0.605621
accel:  0.200745 -0.112549  0.974915
gyro:   0.680389  0.351410  0.276642
accel:  0.202454 -0.110291  0.958191
gyro:   2.818756  0.209351  0.732727
accel:  0.215515 -0.110352  0.975708
gyro:  -1.876678 -1.016846 -1.143951