accel:  0.043884 -0.202820  0.967712
gyro:  -6.078644 15.334930  9.308624
accel:  0.024902 -0.190247  0.973267
gyro:  -10.475006 16.097565  8.022614
accel:  0.017395 -0.202454  0.977295
gyro:  -9.966583 19.020996  7.992706
accel:  0.030273 -0.201233  0.957886
gyro:  -9.009552 17.495728  7.858124
accel:  0.023621 -0.202820  0.969849
gyro:  -8.957214 15.895691  7.902985
accel:  0.028992 -0.205811  0.966309
gyro:  -7.932892 17.136841 10.018921
accel:  0.031799 -0.204529  0.967224
gyro:  -6.691742 17.794800  9.017029
accel:  0.025635 -0.204712  0.971130
gyro:  -9.031982 18.071442  8.486176
accel:  0.028320 -0.205139  0.979797
gyro:  -9.121704 18.856506  8.052521
accel:  0.015015 -0.204163  0.956726
gyro:  -9.727325 16.172333  6.594543
accel:  0.015930 -0.213257  0.970337
gyro:  -8.179626 16.448975  6.848755
accel:  0.030518 -0.211731  0.968079
gyro:  -6.968384 18.370514  7.080536
accel:  0.028442 -0.215454  0.953918
gyro:  -8.179626 18.228455  8.553467
accel:  0.033875 -0.208679  0.953613
gyro:  -8.867493 16.845245  8.792725
accel:  0.011780 -0.215637  0.980042
gyro:  -8.246918 17.734985  7.282410
accel:  0.030212 -0.213501  0.974365
gyro:  -8.650665 18.056488  7.858124
accel:  0.021851 -0.213806  0.981262
gyro:  -10.736694 16.703186  8.194580
accel:  0.031189 -0.211792  0.967834
gyro:  -9.652557 19.260254  8.239441
accel:  0.028564 -0.223816  0.957581
gyro:  -6.908569 16.067657 10.033875
accel:  0.024109 -0.205994  0.946045
gyro:  -7.132874 17.667694  7.402039
accel:  0.018738 -0.209656  0.984741
gyro:  -10.699310 17.398529  6.871185
accel:  0.025879 -0.215881  0.976562
gyro:  -10.736694 19.544373  7.962799
accel:  0.048157 -0.218750  0.938721
gyro:  -6.826324 19.903259 11.162872
accel:  0.055786 -0.225403  0.940491
gyro:  -2.362671 18.056488 13.944244
accel:  0.045471 -0.214783  0.952026
gyro:   0.052338 20.688324 12.837677
accel:  0.052246 -0.214294  0.963257
gyro:   1.973877 26.894073 13.316193
accel:  0.093445 -0.259644  0.972290
gyro:   0.874786 34.056854 22.804260
accel:  0.130432 -0.272827  0.929565
gyro:  23.409882 55.313416 58.326569
accel:  0.228943 -0.288452  0.899963
gyro:  25.488434 51.447906 75.126953
accel:  0.209412 -0.376709  1.027649
gyro:  -6.714172 47.724457 34.983978
accel:  0.035217 -0.551086  0.956482
gyro:  -43.896332 18.901367 -28.329620
accel:  0.173523 -0.371277  1.173523
gyro:  -31.529694 71.358643 -32.210083
accel:  0.266602 -0.286560  1.126953
gyro:  -21.951904 65.496826 -2.340240
accel:  0.524353 -0.155823  0.896057
gyro:  34.445648 22.819214 19.544373
accel:  0.415466 -0.319702  1.062805
gyro:  -32.023163 13.189087 13.308716
accel:  0.338074 -0.452393  0.811401
gyro:  -73.310089 28.613739 20.972443
accel:  0.382202 -0.156494  0.833679
gyro:  -14.542389 20.591125 19.649048
accel:  0.429993 -0.451416  0.849304
gyro:  -46.737518 26.542664 -3.043060
accel:  0.503296 -0.189026  0.895081
gyro:  -24.232330 25.794983 15.125580
accel:  0.500732 -0.156189  0.965637
gyro:  -53.489075 26.138916 13.458252
accel:  0.523926 -0.070984  0.909119
gyro:  -40.591583 18.273315 12.546082
accel:  0.538513  0.052551  0.970032
gyro:  28.621216 38.670044 -31.589508
accel:  0.526855  0.041687  1.048096
gyro:   3.790741 12.620850 -25.742645
accel:  0.526001 -0.201599  0.560486
gyro:  -12.456360 -47.866516 -7.043152
accel:  0.396118 -0.146729  0.854065
gyro:  -23.895874 22.991180 -8.695526
accel:  0.383545 -0.211365  1.000732
gyro:  -58.715363 14.542389 10.818939
accel:  0.459839 -0.156677  0.891846
gyro:  -57.556458 23.507080  5.577698
accel:  0.445068 -0.046082  0.901733
gyro:  -65.519257 23.746338  8.710480
accel:  0.439880  0.146240  0.982117
gyro:  -15.701294  5.719757  5.667419
accel:  0.439026  0.154785  0.821106
gyro:  -18.774261  8.015137 10.071259
accel:  0.412048  0.233643  0.903687
gyro:  -3.095398 17.234039 12.807770
accel:  0.406494  0.180908  0.902039
gyro:  -6.213226 12.179718  7.760925
accel:  0.429016  0.213196  0.823914
gyro:  -3.820648  7.267456  8.112335
accel:  0.403198  0.160400  0.880981
gyro:  -7.274933  1.420593  9.308624
accel:  0.356140  0.170959  0.860291
gyro:   8.897400 14.340515  0.067291
accel:  0.340881  0.184814  0.833862
gyro:  -2.527161 23.260345 -10.654449
accel:  0.355835  0.107849  0.830505
gyro:  -18.123779 43.283234 -1.772003
accel:  0.388611  0.091431  1.066162
gyro:  -12.187195 62.618256 11.925507
accel:  0.527161 -0.026306  0.813416
gyro:  -7.798309 63.949127 18.617249
accel:  0.481140  0.065063  0.899841
gyro:  -1.278534 74.199829 20.531311
accel:  0.569519  0.102173  0.771729
gyro:  -29.944611 35.238190  8.314209
accel:  0.716919  0.131226  0.705750
gyro:  10.519867 -44.614105 10.362854
accel:  0.726440  0.103455  0.817322
gyro:  -27.409973 41.765442 63.380890
accel:  0.546509  0.236145  0.967468
gyro:  -39.746704 41.309357 58.206940
accel:  0.579712  0.357971  0.916077
gyro:  32.920380 -10.646973 33.436279
accel:  0.496887  0.160645  0.672913
gyro:  -8.912354  5.241241 41.615906
accel:  0.432434  0.242249  0.783264
gyro:  27.925873 -7.805786 16.598511
accel:  0.414185  0.218994  0.844849
gyro:  44.501953 -2.228088 -8.545990
accel:  0.443970  0.177490  0.879822
gyro:  51.029205  1.757050 -7.955322
accel:  0.412354  0.032776  1.012878
gyro:  13.144226 30.258636 13.174133
accel:  0.470703 -0.043152  0.989990
gyro:  11.723633 85.115967 56.524658
accel: -0.710510  0.919861  1.700256
gyro:  -1.914062 35.769043 -31.776428
accel:  0.499756  0.173340  0.595093
gyro:  84.226227 -39.477539 10.602112
accel:  0.448425 -0.198364  0.946167
gyro:  -1.173859 -32.718506 35.103607
accel:  0.373108 -0.360718  0.960327
gyro:  -30.580139 -3.005676 18.138733
accel:  0.302124 -0.031189  0.984924
gyro:  -41.623383 11.843262 15.028381
accel:  0.293762  0.069092  1.017517
gyro:  -45.137482 13.817139 33.211975
accel:  0.308594  0.168640  1.028564
gyro:  -62.281799 26.310883  9.570312
accel:  0.348145  0.086487  0.989746
gyro:  -43.858948 28.897858 -1.525269
accel:  0.447388  0.656799  0.629028
gyro:  17.772369 -2.407532 32.681122
accel:  0.289185  0.011597  0.988708
gyro:  -102.185516 41.354218 44.352417
accel:  0.352844  0.200562  0.865967
gyro:  -10.624542 34.909210 16.411591
accel:  0.344910  0.332214  0.716736
gyro:  60.337830 43.761749  0.164490
accel:  0.426086  0.072693  0.693909
gyro:  27.223053 54.917145 36.486816
accel:  0.427185  0.064087  0.662842
gyro:  79.500885 29.810028 24.538879
accel:  0.451599  0.023987  1.075378
gyro:  20.531311 31.140900 45.219727
accel:  0.275818  0.053528  0.968689
gyro:  -19.895782 47.201080 -5.704803
accel:  0.493774 -0.014526  0.999878
gyro:  -24.583740 37.466278 13.562927
accel:  0.621460 -0.057678  0.996033
gyro:  46.416016 -8.934784  6.893616
accel:  0.424072 -0.033081  0.978455
gyro:  -0.291595 -11.843262 -18.138733
accel:  0.365967 -0.082642  1.138184
gyro:  -38.864441 -13.555450 -17.749939
accel:  0.373413 -0.134583  0.901550
gyro:  17.278900 -4.680481 -15.394745
accel:  0.454102 -0.226807  1.060791
gyro:  -13.802185 29.346466 -0.276642
accel:  0.318237 -0.066650  1.020203
gyro:  -12.478790 29.062347  7.521667
accel:  0.382874 -0.170837  0.914856
gyro:  -4.239349  6.041260 22.849121
accel:  0.406555 -0.138977  0.969788
gyro:  -24.665985  0.351410 18.452759
accel:  0.378052 -0.164795  1.031677
gyro:  -17.301331 -2.467346 36.180267
accel:  0.259399 -0.146179  0.882751
gyro:   1.757050 -8.022614 14.811554
accel:  0.115845  0.011536  1.017151
gyro:   4.732819 26.811829 -18.407898
accel:  0.168213 -0.135254  0.902161
gyro:  48.651581 26.490326 -26.976318
accel:  0.357483 -0.249512  1.007080
gyro:  14.632111 -19.043427 -20.389252
accel:  0.299255 -0.400024  1.003784
gyro:  -7.222595 10.549774 12.718048
accel:  0.297119 -0.364258  1.014282
gyro:  -38.565369  3.005676 31.477356
accel:  0.135498 -0.213806  0.944824
gyro:   4.418793 19.088287 10.549774
accel:  0.112366 -0.228088  0.971924
gyro:  30.296021 24.598694 -8.433838
accel:  0.234802 -0.368958  1.060181
gyro:  14.445190 -12.209625 -36.112976
accel:  0.295532 -0.550964  0.857361
gyro:  -7.357178  4.620667  9.510498
accel:  0.269714 -0.464600  0.996887
gyro:  -47.731934 24.127655 48.232880
accel:  0.127014 -0.325195  0.848022
gyro:  21.907043  5.076752 34.094238
accel:  0.092712 -0.325989  0.982544
gyro:  -8.815155 30.782013 11.895599
accel:  0.212585 -0.415833  0.838989
gyro:   9.787140  1.622467 31.410065
accel:  0.239624 -0.451233  1.179504
gyro:  -6.512299  6.811371 30.789490
accel: -0.073059 -0.368164  0.690002
gyro:   1.854248 12.762909  9.099274
accel:  0.099060 -0.407959  1.281921
gyro:  -48.307648 57.010651 18.445282
accel: -0.038513 -0.226868  0.818542
gyro:  18.751831 77.183075 -16.942444
accel:  0.305847 -0.300476  1.066650
gyro:   9.301147 71.448364  3.768311
accel:  0.325378 -0.396606  0.878174
gyro:  16.329346 74.611053 -7.387085
accel:  0.378357 -0.409973  1.002625
gyro:  -0.456085 64.913635 -9.846954
accel:  0.515625 -0.508240  0.863403
gyro:  -4.142151 41.077576 -3.566437
accel:  0.554199 -0.509521  0.808533
gyro:   6.803894 20.224762  3.117828
accel:  0.556946 -0.531921  0.859009
gyro:  -7.132874 23.454742  4.702911
accel:  0.443542 -0.78
accel:  0.162903 -0.597595  0.882690
gyro:  -8.516083 18.392944  8.575897
accel:  0.154602 -0.590637  0.895691
gyro:  -6.086121 21.189270  8.501129
accel:  0.154724 -0.602112  0.878357
gyro:  -9.398346 18.602295  8.523560
accel:  0.172363 -0.614380  0.882629
gyro:  -70.760498 -0.441132 11.574097
accel:  0.104980 -0.715332  1.087646
gyro:  -20.770569 19.439697 -2.452393
accel:  0.019165 -0.429871  1.216553
gyro:  -61.818237 -10.676880 -2.684174
accel: -0.001648 -0.405457  1.422607
gyro:  -65.265045 44.561768 -1.772003
accel:  0.175110 -0.356323  1.120422
gyro:  -29.996948 91.949768 -13.607788
accel:  0.284668 -0.487366  1.117249
gyro:  57.003174 136.661072 15.828400
accel:  0.236694 -0.356323  0.830627
gyro:  -67.141724 -15.454559 -8.837585
accel:  0.442200 -0.284485  0.901611
gyro:   9.076843 40.083160 -2.302856
accel:  0.290833 -0.256958  0.900208
gyro:  -83.246765 13.959198  2.601929
accel:  0.171021 -0.175537  0.796936
gyro:  39.088745 -5.263672 -29.084778
accel:  0.544739 -0.189209  0.588928
gyro:  -50.064697 155.218506 73.407288
accel:  0.867004 -0.043945  0.678528
gyro:  102.589264 -229.829559 -6.130981
accel: -0.140991 -0.028320 -1.982544
gyro:  129.034729 63.926697 77.803650
accel:  1.217834 -0.092712  0.459045
gyro:  -0.964508 -48.666534 -10.078735
accel: -0.512634 -0.113037  1.129883
gyro:  49.997406 168.631897 69.250183
accel: -0.682190 -0.363403  1.587280
gyro:  -44.890747 -63.612671 -47.328186
accel:  1.368286 -0.302307  0.908875
gyro:  10.557251 85.968323 39.006500
accel: -0.629211 -0.146667  1.413513
gyro:  -30.325928 -18.415375 -43.036499
accel:  0.961365 -0.279968  0.727417
gyro:  25.151978 146.575317 39.559784
accel: -1.401428 -0.041626  1.308472
gyro:  -6.258087 -33.854980 -33.600769
accel:  0.803589 -0.417786  0.853271
gyro:  -8.209534 174.433899 64.711761
accel: -0.020691 -0.154541  1.201843
gyro:   9.002075 -119.726105 -87.530975
accel:  0.373230 -0.609131  1.364685
gyro:  -51.492767 62.954712  9.211426
accel:  0.620422  0.071411  1.040833
gyro:  -51.903992 -51.575012 29.996948
accel: -0.139771 -0.230591  1.204651
gyro:  47.455292 70.603485 49.376831
accel:  0.949707  0.073303  0.779602
gyro:  -23.918304 -23.185577 19.746246
accel: -0.517883 -0.327454  1.165100
gyro:  -71.807251 -1.689758 -58.535919
accel:  0.505798  0.100159  0.815063
gyro:  20.748138 23.948212 10.699310
accel: -0.176086 -0.151794  0.946289
gyro:  -8.987122 25.660400  3.603821
accel:  0.043152 -0.104492  0.984985
gyro:   0.620575 29.780121 26.976318
accel:  0.588318 -0.051208  1.015320
gyro:  -10.774078 68.293152 61.885529
accel: -0.181824 -0.253174  0.981567
gyro:  -79.478455 -32.479248 -66.453857
accel: -0.079346 -0.206787  1.045837
gyro:  13.682556 42.101898 -6.332855
accel:  0.821472  0.089172  0.815613
gyro:  32.172699 43.432770 34.939117
accel: -1.023254 -0.307922  0.946289
gyro:  -65.840759 -44.195404 -86.850586
accel:  0.459961  0.027588  0.950256
gyro:  103.568726 44.090729 64.846344
accel:  0.992188  0.010315  0.771423
gyro:  -18.617249 -5.308533 28.740845
accel: -1.131653 -0.331970  1.189392
gyro:  -13.562927 -13.398438 -33.249359
accel:  0.617920 -0.203003  0.911743
gyro:  57.347107 34.826965 67.089386
accel:  0.966431 -0.052917  0.799316
gyro:  36.389618 -28.195038  9.106750
accel: -0.920471 -0.611145  1.057007
gyro:  -77.272797 -43.627167 -38.453217
accel:  0.495178 -0.351074  1.107727
gyro:  34.303589 21.039734 54.042358
accel:  0.781921 -0.042725  0.841064
gyro:  41.922455 129.131927 -5.757141
accel: -1.004517 -0.306946  1.168274
gyro:  -111.800690 -51.231079 -36.942902
accel: -0.565735 -0.231262  1.239502
gyro:  11.820831 10.138550 26.408081
accel:  0.922729  0.239929  0.859436
gyro:   0.291595 137.386322 41.421509
accel:  0.021179 -0.475769  1.167908
gyro:  -56.599426 -64.532318 -18.228455
accel:  0.104431 -0.311340  1.122864
gyro:  57.937775 58.506012 61.833191
accel:  1.285645 -0.032043  0.674255
gyro:  -14.108734 -35.619507 13.271332
accel: -1.229309 -0.247314  1.454163
gyro:  35.335388 -4.276733 -14.691925
accel:  1.345947  0.177429  0.631592
gyro:  18.146210 113.692322 97.706909
accel:  0.717834 -0.258728  0.906006
gyro:  -94.933014 -82.177582 -73.698883
accel: -0.280212 -0.590332  1.307617
gyro:  -1.084137 38.864441 53.683472
accel:  1.381531  0.242065  0.714661
gyro:  20.389252 24.748230 16.852722
accel: -1.812988 -0.817017  1.124451
gyro:  -44.644012 -49.474030 -67.575378
accel:  1.018921 -0.133118  0.322754
gyro:  39.956055 67.979126 69.616547
accel:  1.023438  0.310425  0.868286
gyro:  -18.400421 -6.377716 -0.194397
accel: -1.523865 -0.548584  1.481140
gyro:  -39.746704 -1.809387 -55.283508
accel:  1.151489  0.032532  0.616150
gyro:  63.851929 191.697845 107.366943
accel:  0.612244 -0.155945  1.039124
gyro:  -83.433685 -137.094727 -95.381622
accel: -0.483398  0.031250  1.138062
gyro:  24.337006 -12.665710 36.711121
accel:  1.453796  0.320129  0.721863
gyro:  19.596710 59.672394 68.584747
accel: -1.624268 -0.541626  1.031921
gyro:  -90.588989 -72.711945 -83.014984
accel:  0.692261 -0.403809  1.089905
gyro:  80.577545 110.955811 145.154724
accel:  0.525452  0.085938  1.018494
gyro:  -121.206512 -117.804565 -92.734833
accel: -0.234741 -0.557678  1.255737
gyro:   7.289886 34.393311 -12.007751
accel:  1.100586  0.680420  0.710144
gyro:  64.128571 81.714020 93.848877
accel: -1.382996 -0.913269  1.185181
gyro:  -87.822571 -13.376007 -135.143280
accel:  0.649414  0.006104  0.718567
gyro:  182.419128 92.787170 199.279327
accel:  0.431580  0.049438  1.079895
gyro:  -181.080780 -82.940216 -129.273987
accel: -0.987549 -0.333008  1.748901
gyro:  32.352142 33.017578 17.136841
accel:  0.977905  0.616211  0.817566
gyro:  59.223785 110.970764 210.285187
accel:  0.090210 -0.484863  0.944763
gyro:  -143.180847 -56.412506 -197.626953
accel: -0.371460 -0.364258  1.097107
gyro:  132.249756 12.299347 99.224701
accel:  0.754028  0.222961  0.849182
gyro:  73.631592 37.234497 87.867432
accel:  0.093506 -0.767517  0.920166
gyro:  -120.735474  9.278717 -186.875305
accel:  0.222595  0.065125  0.845520
gyro:  65.122986 42.528076 93.422699
accel:  0.407654 -0.059753  0.957886
gyro:  -17.398529 63.889313 61.362152
accel:  0.169922 -0.191711  0.914917
gyro:  -14.190979 34.004517 -24.322052
accel:  0.309265 -0.068604  0.997375
gyro:   1.338348 11.230164 16.209717
accel:  0.345764 -0.135620  0.955688
gyro:  -6.198273  5.465546  7.775879
accel:  0.333557 -0.195984  0.965210
gyro:   3.349609 39.163513 10.078735
accel:  0.243958 -0.156372  0.973389
gyro:  82.342072 99.785461 36.292419
accel:  0.490540 -0.217651  0.976624
gyro:  16.875153 37.944794 27.395020
accel:  0.204285 -0.216614  0.817383
gyro:  13.368530 -6.302948 -19.185486
accel:  0.442017 -0.237915  0.834473
gyro:  85.429993 78.700867 27.895966
accel:  0.336670 -0.252686  0.971741
gyro:  74.491425 150.238953 -20.778046
accel:  0.723633 -0.294006  1.175415
gyro:  82.289734 124.982300 105.318298
accel:  1.116760 -0.473938  0.851990
gyro:  -201.096191 52.517090 128.623505
accel:  1.036194 -0.510132  0.691528
gyro:  -67.971649 77.990570 30.281067
accel:  0.993103 -0.167175  0.990601
gyro:  -25.137024 128.533783 15.469513
accel:  0.971985 -0.233032  0.537659
gyro:  -40.083160 70.521240 39.148560
accel:  0.857178 -0.383606  0.302002
gyro:  -51.320801 73.085785 73.339996
accel:  0.863586 -0.011719  0.162109
gyro:  -33.997040 45.354309 68.824005
accel:  0.883301  0.043640  0.093506
gyro:  -6.243134 -5.458069 42.214050
accel:  0.747620  0.150574  0.107605
gyro:  -9.480591 24.351959 -9.839478
accel:  0.892944  0.113586  0.151611
gyro:   1.577606 17.682648 -12.284393
accel:  1.140564  0.087952  0.251221
gyro:  -25.593109 10.310516  0.904694
accel:  1.211487  0.114685  0.151123
gyro:  -27.918396 34.812012 15.118103
accel:  1.058472  0.107361  0.052124
gyro:  16.134949 -20.359344 20.112610
accel:  0.905090  0.050293  0.132690
gyro:  -0.022430 -47.088928 -20.396729
accel:  0.833435  0.221130  0.149719
gyro:  43.395386 -51.642303 -28.980103
accel:  0.677856 -0.142944 -0.105713
gyro:  32.666168 -61.608887 -48.958130
accel:  0.479614 -0.133240  0.078979
gyro:  -41.974792 -200.647583 -22.146301
accel:  0.315186 -0.383850  0.779297
gyro:  -0.448608 -181.282654 26.624908
accel:  0.360779 -0.148621  1.421448
gyro:  -84.757080 -229.829559 87.336578
accel: -0.149231 -0.290283  1.983521
gyro:  -71.104431 -30.408173 -35.537262
accel:  0.486450 -0.931946  0.425415
gyro:  -124.832764 -15.611572 48.778687
accel:  0.097412 -0.059387  1.105408
gyro:  -64.674377 81.138306  4.755249
accel:  0.157532  0.115234  1.761108
gyro:  -46.027222 140.145264 -3.603821
accel:  0.174866 -0.054565  1.594971
gyro:  -75.396118 157.857819 13.196564
accel:  0.202148 -0.153809  1.024719
gyro:  -95.845184 150.440826 23.073425
accel:  0.379456 -0.170593  0.585999
gyro:  -20.867767 145.102386 10.916138
accel:  0.438171  0.027588  0.079041
gyro:  -20.082703 63.575287 11.327362
accel:  0.512268  0.185669 -0.234680
gyro:  13.996582 -9.458160 -10.026398
accel:  0.545166  0.180481 -0.011719
gyro:  52.502136 -58.319092 -25.832367
accel:  0.551514 -0.087891 -0.116516
gyro:  80.136414 -84.824371 -39.828949
accel:  0.418762 -0.026001  0.588074
gyro:  74.364319 -123.711243 -37.406464
accel:  0.383484 -0.405151  0.849548
gyro:  -4.029999 -125.124359 -11.574097
accel:  0.167419 -0.117737  1.489685
gyro:  -159.039154 -169.357147 83.530884
accel: -0.077393 -0.259216  1.680481
gyro:  44.307556 104.346313 -60.322876
accel:  0.332642 -0.431396  0.248413
gyro:  -172.033844 -22.796783 34.400787
accel:  0.079285  0.320435  1.493713
gyro:  -24.523926 118.731689 -46.505737
accel:  0.140564  0.260437  1.827393
gyro:  -72.719421 180.744324 -36.441956
accel:  0.090088 -0.020142  1.561096
gyro:  -44.883270 215.668488 -9.383392
accel:  0.183960 -0.317810  0.614563
gyro:  -3.386993 186.269684 13.166656
accel:  0.324402 -0.129700  0.009155
gyro:  -19.925690 74.820404 25.024872
accel:  0.483459  0.020081 -0.381531
gyro:  21.421051 -10.310516 -10.699310
accel:  0.476990  0.149963 -0.342957
gyro:  101.385498 -117.468109 -57.025604
accel:  0.360779 -0.231384 -0.349060
gyro:  75.799866 -183.578033 -54.528351
accel:  0.172852 -0.426453  0.582520
gyro:  20.964966 -170.725403 -37.735443
accel:  0.264954 -0.679749  0.998596
gyro:  -192.198792 -229.829559 -4.530945
accel: -0.056091 -0.706055  1.278381
gyro:  -59.986420 18.766785 -56.375122
accel:  0.593567 -0.692749 -0.508240
gyro:  -84.428101 59.492950 28.209991
accel:  0.196167  0.070251  1.530212
gyro:  -70.050201 88.263702 40.905609
accel:  0.198730  0.087585 -1.982544
gyro:  -40.928040 169.626312 -18.535004
accel:  0.176514  0.003235  1.545044
gyro:  -64.741669 203.997192 12.605896
accel:  0.205994 -0.273071  0.791626
gyro:  -29.271698 181.604156 14.841461
accel:  0.314514 -0.105408 -0.061951
gyro:  -24.785614 67.418365 21.966858
accel:  0.540527 -0.154297 -0.317871
gyro:  -31.006317 -3.461761 31.978302
accel:  0.570190 -0.026611 -0.155334
gyro:  64.711761 -48.031006 -7.611389
accel:  0.525330 -0.039551 -0.116211
gyro:  111.673584 -131.382446 -38.714905
accel:  0.302185 -0.263306  0.126099
gyro:  49.391785 -132.003021 -28.165131
accel:  0.300049 -0.494751  1.053833
gyro:  13.495636 -130.298309 -23.716431
accel:  0.335938 -0.339783  1.615601
gyro:  -15.312500 -44.958038 22.557526
accel:  0.708679 -1.464050 -1.982544
gyro:  15.260162 -2.467346 16.463928
accel:  0.255676 -0.330933  0.191345
gyro:  -18.662109 28.613739 31.664276
accel: -0.065979  0.087830  1.432556
gyro:  94.035797 -15.708771 15.955505
accel:  0.021790 -0.141663  0.973511
gyro:   2.796326 23.260345 20.471497
accel:  0.077820 -0.187134  0.951416
gyro:  47.313232 19.170532 28.815613
accel:  0.031067 -0.234924  0.959229
gyro:  -37.952271 -16.710663 -10.153503
accel: -0.016235 -0.285522  1.051941
gyro:  -9.891815 15.207825  2.265472
accel:  0.006653 -0.231262  0.973694
gyro:  -8.942261 18.781738 16.949921
accel:  0.009644 -0.229858  0.960571
gyro:  -2.624359 24.479065 24.067841
accel:  0.026978 -0.261780  0.960632
gyro:  -9.301147 14.676971 18.953705
accel:  0.040222 -0.263794  0.962830
gyro:  -11.873169 10.093689 12.164764
accel:  0.040710 -0.263123  0.945801
gyro:  -10.684357 11.835785  8.545990
accel:  0.009094 -0.269409  0.986328
gyro:  -7.185211 22.609863  8.792725
accel: -0.005798 -0.232300  0.957031
gyro:  -3.925323 26.467896  9.256287
accel:  0.003723 -0.259827  0.974731
gyro:  -8.598328 18.908844  8.217010
accel:  0.042297 -0.255615  0.980530
gyro:  -11.207733 12.291870  6.893616
accel:  0.040710 -0.273926  0.963440
gyro:  -11.342316 15.334930  6.714172
accel:  0.017090 -0.261353  0.972717
gyro:  -11.506805 23.507080  7.177734
accel:  0.029724 -0.260620  0.957581
gyro:  -3.207550 17.727509 10.878754
accel:  0.028381 -0.267395  0.971619
gyro:  -8.972168 21.159363  8.463745
accel:  0.040039 -0.269226  0.954651
gyro:  -8.239441 17.727509  9.039459
accel:  0.027222 -0.260315  0.963501
gyro:  -10.803986 13.084412  7.618866
accel:  0.026489 -0.265198  0.964722
gyro:  -9.667511 16.763000  8.254395
accel:  0.031433 -0.265137  0.959473
gyro:  -13.181610  7.888031  7.529144
accel:  0.009338 -0.274109  0.960083
gyro:  -12.179718 16.845245  6.856232
accel:  0.021729 -0.252808  0.954407
gyro:  -14.026489 13.002167  7.267456
accel: -0.000427 -0.225952  0.957214
gyro:  -8.882446 18.086395 14.774170
accel:  0.016602 -0.249573  0.956848
gyro:  -12.284393 17.630310 21.839752
accel:  0.014648 -0.239136  0.970642
gyro:  -18.774261 14.176025 15.641479
accel: -0.014526 -0.235474  0.969360
gyro:  -8.874969 17.054596 11.140442
accel:  0.013550 -0.225525  0.966187
gyro:  -5.054321 19.716339 14.647064
accel:  0.017212 -0.245422  0.955994
gyro:  -10.183411 16.845245  9.159088
accel: -0.003052 -0.248169  0.964478
gyro:  -11.790924  8.291779  5.809479
accel: -0.022705 -0.230164  0.967163
gyro:  -9.061890 16.568604  8.845062
accel: -0.017944 -0.228577  0.960022
gyro:  -8.463745 18.198547  6.931000
accel: -0.020569 -0.231812  0.948975
gyro:  -8.374023 18.415375  6.751556
accel:  0.000122 -0.243469  0.963257
gyro:  -8.366547 19.282684  9.630127
accel:  0.006104 -0.239746  0.945862
gyro:  -9.525452 14.841461  6.878662
accel: -0.003784 -0.238281  0.969849
gyro:  -6.228180 21.981812  9.959106
accel: -0.004639 -0.250488  0.953308
gyro:  -11.170349 13.248901  8.755341
accel: -0.009399 -0.253540  0.964478
gyro:  -10.138550 14.699402  7.910461
accel: -0.030823 -0.232178  0.955505
gyro:  -7.701111 21.346283 11.865692
accel: -0.006836 -0.231262  0.947937
gyro:  -9.630127 17.585449  9.203949
accel: -0.019409 -0.242310  0.957092
gyro:  -8.590851 18.325653  7.349701
accel: -0.007141 -0.247803  0.948608
gyro:  -8.650665 18.295746 10.325470
accel: -0.012207 -0.250610  0.960693
gyro:  -9.734802 16.179810  7.985229