gyro:   0.186920 -0.007477  0.613098
accel:  0.450867  0.338867  0.830200
gyro:   1.443024 -0.441132 -0.456085
accel:  0.439331  0.336975  0.809875
gyro:  -2.018738 -0.239258 -0.553284
accel:  0.453186  0.332153  0.836426
gyro:  -0.119629  2.243042 -0.456085
accel:  0.454041  0.344971  0.829956
gyro:  -0.171967 -0.328979  1.166382
accel:  0.460754  0.341187  0.832764
gyro:  -0.269165 -0.403748  0.680389
accel:  0.443726  0.333862  0.818237
gyro:   1.704712  2.280426 -1.973877
accel:  0.444519  0.342163  0.807129
gyro:  -0.426178 -0.254211  1.256104
accel:  0.457153  0.333679  0.822937
gyro:   0.164490 -3.334656 -1.495361
accel:  0.444397  0.342224  0.834656
gyro:   0.239258  1.487885  0.127106
accel:  0.454468  0.335876  0.827026
gyro:  -0.037384 -1.218719  0.456085
accel:  0.451477  0.338379  0.836975
gyro:  -0.134583 -1.794434 -0.441132
accel:  0.442871  0.341553  0.817200
gyro:  -0.052338  1.629944 -0.142059
accel:  0.445251  0.346680  0.817200
gyro:  -2.467346  2.542114  0.328979
accel:  0.423767  0.339783  0.838806
gyro:  -3.566437 -4.104767 -2.474823
accel:  0.434448  0.389343  0.810791
gyro:   7.514191 -7.850647  2.168274
accel:  0.438232  0.368896  0.802673
gyro:   0.986938 -1.592560  2.848663
accel:  0.416016  0.317932  0.818542
gyro:  -2.676697  4.785156 -6.392670
accel:  0.457764  0.324280  0.838257
gyro:  -0.089722 -3.491669 -2.138367
accel:  0.478638  0.334106  0.806763
gyro:   7.603912  0.186920  0.014954
accel:  0.427490  0.367859  0.813965
gyro:   7.230072 -2.123413  6.497345
accel:  0.414124  0.343689  0.857178
gyro:  -2.003784  3.484192  0.628052
accel:  0.396484  0.304016  0.866455
gyro:  -3.992615  2.527161 -3.581390
accel:  0.415283  0.330017  0.847900
gyro:  -2.953339 -0.994415 -1.211243
accel:  0.401001  0.344727  0.846497
gyro:   0.336456 -8.882446 -1.659851
accel:  0.419128  0.343811  0.836914
gyro:   1.128998 -2.743988  0.702820
accel:  0.411194  0.293152  0.852966
gyro:  -7.028198  1.383209 -9.577789
accel:  0.436462  0.339966  0.817200
gyro:  -0.927124  0.628052 -2.669220
accel:  0.474304  0.373230  0.783020
gyro:   6.923523 -0.777588  9.099274
accel:  0.444092  0.336182  0.848267
gyro:   3.431854 -6.183319  4.209442
accel:  0.392456  0.310242  0.894714
gyro:   0.119629 -5.876770 -2.280426
accel:  0.387268  0.318970  0.861328
gyro:  -4.493561  0.545807 -6.228180
accel:  0.388489  0.351807  0.833191
gyro:  -1.353302  2.138367 -2.504730
accel:  0.424011  0.339539  0.821167
gyro:  -3.020630  3.992615  1.801910
accel:  0.404846  0.322937  0.839661
gyro:  -4.456177  3.072968 -2.915955
accel:  0.401550  0.328064  0.849487
gyro:  -9.585266 -1.592560 -6.250610
accel:  0.427368  0.340271  0.840759
gyro:  -3.850555 -5.360870 -5.338440
accel:  0.429382  0.367493  0.820190
gyro:  -7.065582  6.235657  2.243042
accel:  0.427246  0.363953  0.833801
gyro:  -0.628052  3.334656  1.271057
accel:  0.435303  0.402344  0.821411
gyro:   5.652466 -6.452484  6.639404
accel:  0.424500  0.380859  0.807495
gyro:   4.815063 -5.697327  7.775879
accel:  0.384033  0.318848  0.829407
gyro:  -0.127106  0.000000 -1.128998
accel:  0.373840  0.355286  0.858032
gyro:   0.246735 -0.463562 -5.562744
accel:  0.405518  0.375793  0.822510
gyro:   1.712189  1.570129  0.919647
accel:  0.407593  0.379333  0.839966
gyro:   1.143951  2.041168  3.588867
accel:  0.405212  0.350952  0.855835
gyro:  -2.332764  1.046753  1.368256
accel:  0.396240  0.330017  0.854004
gyro:  -4.979553 -2.302856 -7.222595
accel:  0.413513  0.393372  0.813782
gyro:   1.809387 -0.321503 -1.764526
accel:  0.408142  0.384766  0.785767
gyro:   1.166382  4.575806  2.586975
accel:  0.418335  0.349121  0.826721
gyro:   1.966400  3.544006 -3.349609
accel:  0.445618  0.367188  0.812866
gyro:   3.185120 -0.321503  2.370148
accel:  0.445251  0.402649  0.848450
gyro:   1.226196 -0.328979  4.321594
accel:  0.367737  0.340271  0.875427
gyro:  -0.792542 -3.708496 -3.364563
accel:  0.389832  0.299683  0.822021
gyro:  -1.764526  7.245026 -11.611481
accel:  0.449951  0.369019  0.811646
gyro:  -1.502838  1.368256 -1.353302
accel:  0.474243  0.403748  0.825989
gyro:   2.953339 -1.824341  6.796417
accel:  0.463440  0.361877  0.782837
gyro:   5.136566  4.852448  7.454376
accel:  0.431335  0.342712  0.821777
gyro:   2.542114 -1.480408  0.224304
accel:  0.408020  0.347168  0.837341
gyro:   3.461761 -4.321594 -1.801910
accel:  0.414795  0.323059  0.847168
gyro:  -3.372040  3.372040 -4.142151
accel:  0.414246  0.367004  0.829651
gyro:  -0.037384 -0.194397 -1.420593
accel:  0.448242  0.383179  0.833984
gyro:  -1.839294 -0.209351  4.957123
accel:  0.446716  0.329773  0.824951
gyro:   1.039276  0.874786 -0.560760
accel:  0.422974  0.344727  0.812073
gyro:   0.508423  2.243042 -1.749573
accel:  0.438477  0.347168  0.834717
gyro:  -3.237457  2.228088 -3.686066
accel:  0.439148  0.349182  0.811462
gyro:   1.263580  2.766418 -0.882263
accel:  0.446045  0.375671  0.815430
gyro:   0.448608  2.654266  1.091614
accel:  0.443604  0.340576  0.832397
gyro:   0.500946 -3.955231  1.308441
accel:  0.441711  0.366089  0.821716
gyro:  -0.059814  1.682281  0.590668
accel:  0.435181  0.351929  0.806335
gyro:   0.800018  0.717773  1.420593
accel:  0.445679  0.333923  0.821899
gyro:  -0.770111  7.940369 -5.248718
accel:  0.451965  0.363159  0.800537
gyro:  -1.293488  5.532837  2.325287
accel:  0.454712  0.346985  0.829407
gyro:  -14.796600  4.381409 -4.732819
accel:  0.470825  0.349121  0.840942
gyro:   0.957031  1.158905 -4.471130
accel:  0.453979  0.358887  0.799866
gyro:   4.142151  5.802002 -3.925323
accel:  0.454468  0.330261  0.803650
gyro:  -4.388885 32.643738 -10.990906
accel:  0.445923  0.323669  0.766296
gyro:  -2.340240 17.047119 -12.022705
accel:  0.602234  0.391968  0.767456
gyro:   3.536530 -3.125305 -0.299072
accel:  0.584961  0.371399  0.758301
gyro:   5.114136 -9.054413  4.807587
accel:  0.529419  0.327026  0.777283
gyro:  -0.112152  4.344025 -2.243042
accel:  0.521240  0.323059  0.767761
gyro:  -1.480408  3.155212 -3.701019
accel:  0.562744  0.328857  0.766663
gyro:  -0.119629 -1.996307 -3.058014
accel:  0.567627  0.348328  0.754456
gyro:   1.069183  0.680389  1.241150
accel:  0.572449  0.337891  0.772522
gyro:   3.072968 -2.415009  2.699127
accel:  0.555847  0.331604  0.756531
gyro:   3.162689 -2.243042  2.280426
accel:  0.553345  0.333313  0.761047
gyro:   1.764526  0.874786  1.652374
accel:  0.521057  0.330200  0.769958
gyro:   0.231781  0.171967  0.366364
accel:  0.525146  0.324524  0.785400
gyro:  -1.061707 -1.517792 -2.355194
accel:  0.523376  0.320496  0.775269
gyro:  -0.590668 -1.465454 -5.652466
accel:  0.548523  0.341980  0.762939
gyro:   0.127106  3.491669  1.009369
accel:  0.562500  0.329712  0.745850
gyro:   0.246735 -0.568237  4.897308
accel:  0.554688  0.317993  0.766785
gyro:   0.590668 -1.001892 -0.994415
accel:  0.526733  0.318176  0.759216
gyro:  -0.044861 -0.613098 -2.901001
accel:  0.543884  0.329407  0.762756
gyro:   0.299072  1.727142  0.373840
accel:  0.547363  0.329773  0.778564
gyro:   0.388794 -0.112152  0.104675
accel:  0.540039  0.332458  0.761108
gyro:   0.216827 -0.299072  1.398163
accel:  0.530701  0.326782  0.777222
gyro:  -0.209351 -1.644897 -1.181335
accel:  0.543518  0.328857  0.782349
gyro:  -0.695343 -0.097198  0.231781
accel:  0.540649  0.330872  0.765625
gyro:   0.515900  1.181335 -0.500946
accel:  0.539612  0.327515  0.760742
gyro:  -0.201874 -1.457977 -0.971985
accel:  0.548340  0.325073  0.779602
gyro:   0.635529 -2.773895  0.366364
accel:  0.541321  0.337830  0.771851
gyro:  -0.336456  1.943970 -0.687866
accel:  0.537720  0.328125  0.768555
gyro:  -0.927124 -0.770111  0.927124
accel:  0.536438  0.329651  0.772827
gyro:  -0.037384  0.822449 -1.719666
accel:  0.530640  0.330811  0.757751
gyro:   0.112152 -0.672913  0.575714
accel:  0.548950  0.333435  0.779663
gyro:   0.104675  2.198181  0.867310
accel:  0.546204  0.324097  0.771729
gyro:  -0.201874 -0.523376 -0.456085
accel:  0.546753  0.324097  0.774414
gyro:   0.059814  0.328979  0.067291
accel:  0.537659  0.338257  0.782288
gyro:  -0.269165 -2.400055 -1.106567
accel:  0.534729  0.330750  0.769775
gyro:   0.194397  0.897217  0.508423
accel:  0.538513  0.327637  0.774231
gyro:  -0.702820 -0.246735 -0.306549
accel:  0.529968  0.328796  0.764526
gyro:  -0.628052 -1.413116  0.037384
accel:  0.532471  0.330566  0.762512
gyro:   0.261688 -1.024323  0.059814
accel:  0.534729  0.332947  0.775757
gyro:   0.299072  0.201874 -0.814972
accel:  0.539062  0.331482  0.772705
gyro:   0.964508  1.218719 -0.381317
accel:  0.538513  0.330688  0.769958
gyro:  -0.164490 -1.495361 -0.082245
accel:  0.537903  0.325562  0.776245
gyro:  -0.291595 -0.411224  0.373840
accel:  0.525330  0.331848  0.768066
gyro:   0.284119 -0.762634 -1.353302
accel:  0.531494  0.339294  0.770325
gyro:  -0.112152  1.024323  0.598145
accel:  0.541687  0.326172  0.768677
gyro:   0.082245 -1.495361 -0.067291
accel:  0.523499  0.331482  0.760620
gyro:  -0.538330  1.973877 -0.538330
accel:  0.538025  0.325134  0.777283
gyro:  -0.523376 -1.300964 -0.082245
accel:  0.533020  0.336121  0. -0.934601 -0.912170
accel:  0.509888  0.334961  0.767334
gyro:  -0.112152 -0.306549 -1.256104
accel:  0.529968  0.336548  0.775940
gyro:  -1.906586 -0.157013  1.300964
accel:  0.528748  0.321899  0.791138
gyro:   0.650482 -2.557068 -0.628052
accel:  0.522949  0.340454  0.772583
gyro:  -0.456085  1.495361  0.485992
accel:  0.528076  0.328125  0.790466
gyro:   0.762634 -1.196289 -0.755157
accel:  0.519836  0.341003  0.772949
gyro:   0.254211  1.315918  0.665436
accel:  0.525269  0.320374  0.793274
gyro:  -0.583191 -0.844879 -1.413116
accel:  0.521729  0.347351  0.772278
gyro:   1.375732  1.854248  2.071075
accel:  0.516479  0.327576  0.774170
gyro:  -0.463562  1.517792 -0.672913
accel:  0.538757  0.320312  0.793945
gyro:  -0.097198 -1.577606 -0.605621
accel:  0.523376  0.342957  0.772339
gyro:  -0.500946  1.786957  0.979462
accel:  0.536438  0.325745  0.789612
gyro:   1.428070 -2.302856 -0.545807
accel:  0.512390  0.345947  0.762085
gyro:   0.216827  3.985138  1.457977
accel:  0.521667  0.314087  0.779114
gyro:  -1.009369 -2.340240 -1.099091
accel:  0.522522  0.346558  0.779785
gyro:  -0.373840  1.128998  1.278534
accel:  0.504089  0.337891  0.778503
gyro:   0.426178  0.433655 -0.725250
accel:  0.523254  0.327759  0.783264
gyro:  -0.725250 -0.358887 -2.609406
accel:  0.520447  0.340759  0.776001
gyro:  -0.598145  0.650482  1.629944
accel:  0.531433  0.335510  0.786804
gyro:   0.082245 -0.381317  0.628052
accel:  0.517761  0.329773  0.768188
gyro:   1.375732  1.203766 -1.039276
accel:  0.520386  0.334778  0.785522
gyro:  -0.702820  0.373840 -1.263580
accel:  0.526611  0.333679  0.782898
gyro:  -0.254211 -1.921539  1.248627
accel:  0.522888  0.340698  0.777527
gyro:   0.291595  1.420593  0.994415
accel:  0.516235  0.332092  0.775635
gyro:  -0.553284 -1.151428 -0.411224
accel:  0.518677  0.335876  0.775940
gyro:  -0.433655 -0.164490  0.134583
accel:  0.526550  0.334778  0.778320
gyro:   1.099091 -0.912170 -0.171967
accel:  0.524963  0.343567  0.781250
gyro:   0.134583 -0.246735  1.196289
accel:  0.518860  0.331116  0.787659
gyro:   1.375732  0.082245  0.134583
accel:  0.509583  0.340210  0.784363
gyro:  -0.029907 -0.246735  1.046753
accel:  0.522339  0.326111  0.784607
gyro:   0.456085 -1.794434 -1.248627
accel:  0.504028  0.346069  0.763000
gyro:  -0.343933  3.633728  0.119629
accel:  0.521912  0.336365  0.784912
gyro:   0.074768 -2.601929  0.067291
accel:  0.517639  0.334961  0.774658
gyro:   0.508423  1.824341 -1.226196
accel:  0.521179  0.341553  0.774414
gyro:   0.568237  0.396271  2.497253
accel:  0.518616  0.339722  0.785095
gyro:  -2.519684  0.538330 -0.508423
accel:  0.510681  0.326294  0.785889
gyro:  -2.205658 -3.820648  1.173859
accel:  0.552307  0.356323  0.782898
gyro:   8.478699 -1.368256 11.185303
accel:  0.568298  0.367126  0.804688
gyro:   6.482391 -13.398438 25.069733
accel:  0.527954  0.310181  0.912537
gyro:  -20.075226 -4.486084 21.847229
accel:  0.500732  0.334229  0.851379
gyro:  -18.826599  5.959015 26.976318
accel:  0.383545  0.372498  0.825134
gyro:  -11.746063 -4.673004 29.690399
accel:  0.370728  0.386353  0.761292
gyro:  -8.777771 -11.424561 -0.448608
accel:  0.418823  0.431519  0.653687
gyro:  12.523651 -28.157654 -1.891632
accel:  0.346802  0.555420  0.662415
gyro:  26.303406 -8.030090 20.576172
accel:  0.323120  0.515442  0.796143
gyro:   4.912262 -6.811371 26.946411
accel:  0.226929  0.444336  0.939026
gyro:  -16.217194  2.265472  3.678589
accel:  0.345154  0.512939  0.814880
gyro:  -9.428253 -19.626617  1.839294
accel:  0.344971  0.500000  0.789612
gyro:  -6.811371 -7.992706 -5.772095
accel:  0.296021  0.460571  0.767639
gyro:  -3.140259  0.590668 -18.235931
accel:  0.317810  0.514954  0.802124
gyro:   1.816864 -4.747772 -6.183319
accel:  0.295776  0.527039  0.821411
gyro:   5.114136 -2.474823  5.039368
accel:  0.290283  0.478699  0.823608
gyro:   1.786957 -0.949554  0.852356
accel:  0.267212  0.447693  0.848022
gyro:  -4.396362 -1.629944 -7.274933
accel:  0.275696  0.492065  0.825134
gyro:  -2.257996 -3.521576 -3.768311
accel:  0.297485  0.508057  0.826843
gyro:   1.173859 -5.719757  5.241241
accel:  0.263855  0.497070  0.828247
gyro:  -0.515900 -0.433655 -0.717773
accel:  0.260620  0.461731  0.824158
gyro:  -1.846771 -2.669220 -3.117828
accel:  0.291077  0.499695  0.817322
gyro:   0.194397 -3.334656 -0.800018
accel:  0.281555  0.489563  0.816406
gyro:   3.663635 -4.209442  1.323395
accel:  0.269043  0.501953  0.829956
gyro:   4.874878 -9.876862  6.729126
accel:  0.259521  0.495422  0.853577
gyro:   3.940277 -2.983246  2.056122
accel:  0.174133  0.442871  0.810364
gyro:   3.618774 21.077118 -20.613556
accel:  0.213989  0.418152  0.814331
gyro:   1.457977 38.415833 -37.533569
accel:  0.294312  0.416931  0.818176
gyro:   1.577606 89.878693 -47.597351
accel:  0.417847  0.384338  0.923035
gyro:  -41.159821 45.765533 -68.726807
accel:  0.927795  0.558472  1.249268
gyro:  -40.217743 -135.561981 -3.409424
accel:  0.615295  0.448303  0.793579
gyro:  -36.763458 -73.489532 -8.979645
accel:  0.403931  0.468750  0.613892
gyro:  -53.324585  0.807495 -14.699402
accel:  0.090698  0.446594  0.504639
gyro:  -85.250549 154.396057 -76.046600
accel:  0.659424  0.471924 -0.142700
gyro:  39.507446 242.599945 -28.561401
accel:  0.848206  0.607483  0.242249
gyro:  15.155487 201.058807  5.375824
accel:  0.903931  0.436401  0.574646
gyro:  31.761475 -35.993347 -10.916138
accel:  1.091980  0.441162  0.349731
gyro:  70.947418 -209.358063 -25.428619
accel:  1.005615  0.618164  0.555115
gyro:  18.946228 242.637329 -44.913177
accel:  0.905640  0.389282  1.325928
gyro:  -29.241791 242.637329 134.866638
accel:  0.507263  0.556763  0.872437
gyro:  -155.659637 -206.120605 227.668762
accel:  0.009644  0.096558  0.461792
gyro:  114.851227 -125.221558 160.908356
accel: -0.474060 -0.106873  0.084473
gyro:   6.153412 -23.522034  2.355194
accel: -0.678223  0.069458  0.028809
gyro:  -157.506409 75.583038 -48.516998
accel: -0.683228 -0.025879  0.217834
gyro:  -4.074860 242.599945 242.353210
accel: -0.373962  0.598206  0.459656
gyro:  134.014282 242.599945 -122.485046
accel:  0.284119  0.574951  1.009155
gyro:  -70.887604 242.599945 62.057495
accel:  0.860901  0.598267  0.884155
gyro:  -112.114716 242.599945 23.679047
accel:  0.842712  0.588257  0.652649
gyro:  11.349792 77.369995 -53.683472
accel:  1.021179  0.766235  0.798523
gyro:  45.242157 242.637329 10.572205
accel:  1.206238  0.746094  0.818237
gyro:  77.257843 242.637329 -64.465027
accel:  1.202515  0.584045  0.674866
gyro:  57.010651 242.637329 -30.572662
accel:  0.210388  0.565308  0.627747
gyro:  22.400513 242.637329 56.576996
accel: -0.255554  0.511414  0.252075
gyro:  -51.118927 -149.109955 175.114288
accel: -0.572876  0.381165  0.380920
gyro:  79.044800 -129.004822 242.106476
accel: -0.455383 -0.138611 -0.207153
gyro:  40.053253 -131.898346 147.696838
accel: -0.810791 -0.849609 -0.679993
gyro:  -164.257965 224.064941 -178.957367
accel: -0.254700 -0.753845 -0.382874
gyro:  -212.632904 242.599945 -185.050964
accel: -0.395325 -0.374023  0.095886
gyro:  -161.857910 242.599945 242.143860
accel:  0.290100  0.117126  0.555298
gyro:  -102.746277 242.599945 -155.091400
accel:  0.612183  0.708740  0.801819
gyro:  -69.033356 217.821808 -22.422943
accel:  0.982910  0.573364  0.509094
gyro:  -198.165283 198.778381 -66.857605
accel:  1.949890  0.403198  0.336365
gyro:  -9.779663 65.444489 28.180084
accel:  1.300171  0.976440  0.873230
gyro:  15.245209 -180.093842 171.921692
accel:  1.636658  0.514465  0.162720
gyro:  90.633850 242.637329 195.368958
accel:  1.298035  0.600891  0.147766
gyro:  238.517609 242.637329 60.255585
accel:  0.180176  0.296875  0.487183
gyro:  160.100861 242.637329 -62.939758
accel: -0.353760  0.058899  0.212280
gyro:  -25.563202 -200.415802 -84.465485
accel: -0.882324  0.538513 -0.302490
gyro:  -51.163788 -74.027863 65.818329
accel: -0.677551  0.507996 -0.074097
gyro:  -32.763367 -30.625000 23.768768
accel: -1.045654 -0.069519 -0.664673
gyro:  21.817322 203.406525 -64.951019
accel: -0.836609  0.112488 -0.464294
gyro:  -34.998932 242.599945 -82.140198
accel: -0.727356  0.300415  0.149475
gyro:  28.733368 242.599945 -80.637360
accel: -0.170410  0.307312  0.526367
gyro:  31.709137 242.599945 -114.432526
accel:  0.692688  0.409607  0.556519
gyro:  66.341705 242.599945 -66.745453
accel:  1.225769  0.373901  0.446411
gyro:  29.107208 224.184570 17.630310
accel:  1.586182  0.261169  0.834412
gyro:  15.977936 -174.389038 42.266388
accel:  1.266235  0.309570  0.750244
gyro:  25.436096 242.637329 65.160370
accel:  1.122131  0.385864  0.789429
gyro:  71.874542 242.637329  6.474915
accel:  0.641357  0.125427  0.838257
gyro:  74.581146 242.637329 -122.686920
accel: -0.007751  0.242493  0.764832
gyro:  -17.779846 242.637329 -37.174683
accel: -0.468140  0.350342 -0.003113
gyro:  -20.434113 -197.911072 29.996948
accel: -0.819092  0.382812 -0.340332
gyro:  -38.774719 -128.601074 62.431335
accel: -0.807129  0.066345 -0.403809
gyro:  10.138550 -13.136749 -38.460693
accel: -0.746826 -0.029236 -0.976746
gyro:  21.181793 242.599945 -44.756165
accel: -0.751831 -0.038757 -0.920227
gyro:  -6.616974 242.599945 -98.342438
accel: -0.550903  0.185181 -0.114075
gyro:  34.826965 242.599945 -83.575745
accel: -0.015442  0.843933  0.198425
gyro:  26.976318 242.599945 -75.455933
accel:  0.692749  0.507812  0.507141
gyro:  40.673828 242.599945 -40.404663
accel:  1.052612  0.202026  0.550171
gyro:  38.318634 127.703857  2.123413
accel:  1.349121  0.337036  0.806824
gyro:  51.298370 -139.756470 44.172974
accel:  1.208801  0.271423  0.854614
gyro:  33.040009 242.637329 44.793549
accel:  1.029480  0.281616  0.825378
gyro:  38.954163 242.637329 50.184326
accel:  0.569092  0.364258  0.661377
gyro:  146.896820 242.637329 137.244263
accel: -0.311584 -0.389648  1.113770
gyro:  44.546814 -168.796387 -22.789307
accel: -0.660217  0.106750  0.302673
gyro:  12.209625 30.527802 -24.067841
accel: -0.750183 -0.407043  0.426147
gyro:   2.609406 -10.908661 19.192963
accel: -0.650696 -0.193054  0.670593
gyro:  -22.609863 -2.871094 34.041901
accel: -0.689514 -0.019348  0.698853
gyro:  -23.125763 -7.289886 107.292175
accel: -0.595154 -0.265259  0.782837
gyro:  -64.008942  8.695526 23.073425
accel: -0.574951 -0.189331  0.735413
gyro:  -13.488159 119.113007 12.964783
accel: -0.437256  0.014587  0.973511
gyro:   6.198273 50.692749 100.705109
accel: -0.117371 -0.025269  0.870911
gyro:  -52.412415 27.918396 77.437286
accel: -0.129700 -0.070679  0.689758
gyro:  -69.556732 75.343781 105.594940
accel: -0.138306 -0.222473  0.894409
gyro:  -50.199280 26.325836 85.841217
accel:  0.022827 -0.200012  1.088318
gyro:  -44.180450 34.236298 63.582764
accel: -0.016907 -0.366272  1.109375
gyro:  -9.951630 16.434021 28.613739
accel:  0.087219 -0.247986  0.948914
gyro:  22.393036 18.228455 34.281158
accel:  0.047852 -0.420837  0.968689
gyro:  14.796600 15.701294 10.960999
accel:  0.077454 -0.355042  1.061584
gyro:  21.764984 14.235840  9.331055
accel:  0.131531 -0.544983  1.260559
gyro:  -10.332947 -12.628326 -29.211884
accel:  0.203125 -0.508911  1.294434
gyro:  21.907043 -40.404663 -54.730225
accel:  0.213745 -0.366577  1.179504
gyro:  38.939209 -41.578522 -53.847961
accel:  0.107544 -0.343445  0.995850
gyro:   6.781464 -39.178467 -75.470886
accel:  0.070251 -0.129211  0.837097
gyro:   7.917938 -30.183868 -83.082275
accel:  0.041260  0.022400  0.604675
gyro:  -42.737427 -10.744171 -80.577545
accel:  0.024292  0.272522  0.330566
gyro:  -8.919830 -4.770203 -64.913635
accel: -0.037537  0.286743  0.490601
gyro:   3.850555 13.204041 -53.504028
accel:  0.017883  0.363892  0.531982
gyro:  88.973999 53.055420 -13.144226
accel:  0.194153  0.462524  1.141846
gyro:  37.511139 46.984253 66.588440
accel:  0.069641 -0.065308  1.044189
gyro:  -22.475281 16.194763 33.742828
accel:  0.015015 -0.037415  1.174011
gyro:  -22.318268  5.697327 88.181458
accel:  0.050537  0.134338  1.313354
gyro:  -47.903900 72.951202 116.054993
accel: -0.010498  0.093262  1.337708
gyro:  35.088654 -8.388977 92.704926
accel: -0.026306 -0.080627  1.068359
gyro:  21.391144 40.427094 83.343964
accel:  0.115662 -0.195862  1.250366
gyro:   0.859833 35.791473 45.376740
accel:  0.178833 -0.250061  1.452515
gyro:  -5.046844 -6.078644 15.820923
accel:  0.139526 -0.325073  1.222900
gyro:  -16.082611 -31.327820 -31.604462
accel:  0.028076 -0.668518  0.959534
gyro:  -38.378448 -28.097839 -51.268463
accel:  0.316101 -0.328369  0.932983
gyro:  -39.507446 -29.017487 -80.308380
accel:  0.360352 -0.118713  0.930115
gyro:  -15.148010 -4.717865 -70.192261
accel:  0.282288 -0.136353  0.908203
gyro:  -0.059814 18.684540 -64.255676
accel:  0.254517  0.044556  0.826599
gyro:  35.641937 15.073242 -77.571869
accel:  0.248596  0.076965  0.921570
gyro:  15.686340  9.398346 -63.642578
accel:  0.213196  0.291748  1.121399
gyro:  13.189087 -15.491943 -44.801025
accel:  0.079102  0.268738  1.118530
gyro:  22.699585 -32.456818 -48.793640
accel:  0.030640  0.219238  1.074402
gyro:  -17.428436 -43.200989 -56.352692
accel:  0.003296  0.146118  1.229736
gyro:   4.523468 -26.722107  4.523468
accel: -0.069092  0.517761  1.386963
gyro:   6.579590 -69.848328 48.173065
accel:  0.130676  0.310486  1.305481
gyro:  -16.538696 -79.239197 39.552307
accel:  0.107056  0.019226  0.845581
gyro:  -28.195038 -44.569244 29.383850
accel: -0.022217 -0.118469  0.371155
gyro:  -40.711212 -5.570221 19.088287
accel: -0.132019 -0.017334  0.272461
gyro:  -6.661835 34.856873  8.074951
accel: -0.190979  0.006897  0.572632
gyro:  30.438080 57.130280  2.235565
accel: -0.037903  0.073547  0.852112
gyro:  -9.637604 59.268646 -0.725250
accel: -0.044128  0.091248  0.894409
gyro:  -28.823090 68.158569 -26.168823
accel: -0.012878  0.120667  1.184387
gyro:  -5.099182 48.292694 -23.708954
accel:  0.016602  0.104614  1.141968
gyro:  -9.645081 47.380524 -25.151978