accel:  0.034851 -0.025574  0.951416
gyro:  -11.387177 17.106934  5.689850
accel:  0.019409 -0.049194  0.943054
gyro:  -10.901184 21.488342  8.314209
accel: -0.003174 -0.052734  0.960388
gyro:  -2.699127 25.346375  7.985229
accel:  0.045959 -0.070557  0.958008
gyro:  -11.618958 15.035858  6.415100
accel:  0.079712 -0.043579  0.931030
gyro:  -7.215118 14.916229  4.620667
accel:  0.042969 -0.072205  0.981079
gyro:   0.680389 21.570587  1.906586
accel:  0.056763 -0.095520  0.935608
gyro:  -21.114502 19.634094  6.811371
accel:  0.070068 -0.052368  0.965027
gyro:  -8.658142 14.041443  6.684265
accel:  0.052673 -0.048462  0.973511
gyro:  -9.031982 16.478882  8.067474
accel:  0.038025 -0.057922  0.955383
gyro:  -10.789032 17.540588  6.616974
accel:  0.049622 -0.052002  0.965454
gyro:  -12.022705 16.740570  8.486176
accel:  0.054138 -0.064392  0.983826
gyro:  -14.542389 18.161163  8.441315
accel:  0.051270 -0.046875  0.956848
gyro:  -11.364746 18.123779  9.166565
accel:  0.059387 -0.036377  0.943420
gyro:  -9.742279 16.665802  8.463745
accel:  0.053284 -0.028809  0.950134
gyro:  -9.398346 15.948029  7.873077
accel:  0.046997 -0.037109  0.976929
gyro:  -14.250793 17.391052  9.301147
accel:  0.047913 -0.038818  0.941589
gyro:  -9.787140 16.620941 10.430145
accel:  0.041931 -0.023438  0.951050
gyro:  -8.531036 17.121887  7.977753
accel:  0.028320 -0.014954  0.967041
gyro:  -9.727325 13.383484  5.861816
accel:  0.060181 -0.026062  0.933655
gyro:  -10.721741 19.185486 10.938568
accel:  0.052856 -0.043274  0.969360
gyro:  -10.931091 15.252686 10.011444
accel:  0.027527 -0.021912  0.957886
gyro:  -13.061981 19.095764 13.211517
accel:  0.036743 -0.026489  0.939392
gyro:  -11.312408 15.551758  9.233856
accel:  0.013916 -0.009338  0.960571
gyro:  -11.708679 15.260162  6.116028
accel:  0.017090  0.008118  0.940491
gyro:  -8.388977 18.049011  5.689850
accel:  0.031433  0.005554  0.919617
gyro:  -7.237549 13.376007  7.790833
accel:  0.023560  0.003845  0.963013
gyro:  -10.385284 20.419159  8.837585
accel:  0.022156 -0.009827  0.941406
gyro:  -7.521667 16.531219 10.033875
accel:  0.028503 -0.012451  0.924133
gyro:  -8.860016 16.366730 10.153503
accel:  0.024170 -0.003479  0.950317
gyro:  -6.437531 16.695709  6.101074
accel:  0.004456  0.006958  0.939453
gyro:  -5.824432 15.088196  8.089905
accel:  0.007690 -0.009827  0.955078
gyro:  -7.835693 17.817230  5.674896
accel:  0.012390 -0.022034  0.956909
gyro:  -10.542297 16.576080  7.693634
accel:  0.018066 -0.014221  0.946777
gyro:  -9.398346 16.187286  8.785248
accel:  0.004089  0.001221  0.934082
gyro:  -5.308533 20.396729  2.332764
accel: -0.009399 -0.008484  0.938721
gyro:  -7.760925 18.991089  7.147827
accel:  0.029480 -0.020081  0.957336
gyro:  -10.639496 17.563019  7.379608
accel:  0.030945 -0.026062  0.974487
gyro:  -13.607788 18.923798 10.699310
accel:  0.042664 -0.026184  0.956482
gyro:  -21.600494 28.957672  7.663727
accel:  0.023071  0.013123  0.953186
gyro:  -13.772278 16.471405 11.349792
accel:  0.014771  0.041992  0.926636
gyro:  -8.052521 16.912537  6.714172
accel:  0.013489  0.029907  0.938538
gyro:  -13.368530 21.951904  7.955322
accel:  0.052795  0.041809  0.929382
gyro:  -8.030090  7.835693  7.215118
accel:  0.049744  0.016907  0.951416
gyro:  -13.181610 18.071442  8.456268
accel:  0.028137  0.059021  0.924255
gyro:  -4.882355 15.768585 10.108643
accel:  0.049988  0.013916  0.940002
gyro:  -10.235748 15.162964  9.226379
accel:  0.025757  0.050903  0.952515
gyro:  -8.097382 16.695709 14.714355
accel:  0.033325  0.030579  0.936218
gyro:  -12.815247 14.220886 11.940460
accel: -0.011963  0.051514  0.928284
gyro:  -9.570312 14.400330  2.534637
accel: -0.050537  0.045166  0.948914
gyro:  -6.624451 20.120087  0.687866
accel:  0.002625  0.020325  0.902771
gyro:  -7.813263 12.321777  9.719849
accel:  0.039673  0.061890  0.978149
gyro:  -13.585358 20.187378  6.430054
accel:  0.018860  0.049866  0.977173
gyro:  -11.529236 21.622925  5.585175
accel: -0.000427  0.046570  0.828674
gyro:   0.426178 18.101349  5.682373
accel:  0.042175  0.015503  0.904663
gyro:  -4.732819 19.275208  9.727325
accel:  0.060303  0.016785  0.984009
gyro:  -9.338531 19.925690 11.491852
accel:  0.052124  0.011536  0.969055
gyro:  -10.460052 19.880829 12.890015
accel:  0.023193  0.040405  0.921204
gyro:  -8.523560 16.830292 12.134857
accel:  0.004272  0.032654  0.933533
gyro:  -8.598328 16.374207  9.218903
accel: -0.016785  0.031799  0.971680
gyro:  -10.893707 18.647156  8.015137
accel:  0.039368 -0.000977  0.922607
gyro:  -8.912354 12.665710 11.596527
accel:  0.018799  0.038452  0.960510
gyro:  -11.648865 15.828400  3.200073
accel: -0.033630  0.041687  0.956360
gyro:  -9.203949 19.768677  1.054230
accel: -0.011658  0.039734  0.885681
gyro:  -4.418793 16.972351 -0.964508
accel:  0.011108  0.062927  0.938293
gyro:  -3.603821 22.923889 -0.523376
accel:  0.065308  0.026306  0.930420
gyro:  -4.448700 24.651031  6.228180
accel:  0.097473 -0.017944  0.942993
gyro:  -5.846863 25.787506 16.755524
accel:  0.098633 -0.005249  0.952637
gyro:  -4.029999 16.471405 18.363037
accel:  0.098206 -0.020386  0.915405
gyro:  -1.457977 15.559235 17.577972
accel:  0.023621 -0.002747  0.936157
gyro:  -3.327179  9.944153  7.760925
accel: -0.021790 -0.003906  0.996765
gyro:  -7.065582 22.931366  2.347717
accel:  0.034729 -0.026428  0.932190
gyro:  -5.884247 14.632111  4.882355
accel:  0.057495 -0.017944  0.984070
gyro:  -9.540405 20.321960 10.310516
accel:  0.071533 -0.030579  0.959412
gyro:  -8.874969 16.187286 11.753540
accel:  0.039307 -0.037354  0.939148
gyro:  -6.699219 19.133148  7.439423
accel:  0.024414 -0.045410  0.953247
gyro:  -6.781464 18.026581  5.181427
accel:  0.061951 -0.032349  0.936584
gyro:  -7.312317 16.785431  6.826324
accel:  0.061218 -0.038513  0.978149
gyro:  -9.667511 18.415375  8.575897
accel:  0.060730 -0.034363  0.955200
gyro:  -10.011444 16.239624 10.430145
accel:  0.044495 -0.034973  0.965881
gyro:  -10.303040 17.734985  8.276825
accel:  0.046570 -0.030457  0.944763
gyro:  -9.121704 16.105042  7.282410
accel:  0.031433 -0.037292  0.961731
gyro:  -11.417084 17.877045  5.899200
accel:  0.045105 -0.033691  0.956543
gyro:  -9.667511 17.914429  7.050629
accel:  0.057373 -0.033813  0.935425
gyro:  -8.486176 15.290070  9.585266
accel:  0.038147 -0.034363  0.972290
gyro:  -11.118011 19.835968  7.491760
accel:  0.029236 -0.035889  0.943787
gyro:  -9.630127 16.359253  8.209534
accel:  0.040283 -0.022583  0.947754
gyro:  -10.676880 17.944336  8.329163
accel:  0.043762 -0.031433  0.959167
gyro:  -9.144135 16.209717  7.596436
accel:  0.042969 -0.022827  0.952087
gyro:  -8.762817 18.325653  8.403931
accel:  0.042480 -0.027893  0.950867
gyro:  -9.121704 16.613464  7.693634
accel:  0.041687 -0.026001  0.956421
gyro:  -9.510498 17.331238  8.000183
accel:  0.042969 -0.033752  0.950134
gyro:  -10.332947 17.772369  7.641296
accel:  0.030396 -0.022888  0.962708
gyro:  -9.861908 17.346191  8.104858
accel:  0.039246 -0.024719  0.948242
gyro:  -9.151611 17.540588  8.605804
accel:  0.033813 -0.022766  0.958862
gyro:  -9.443207 17.465820  7.596436
accel:  0.039490 -0.025391  0.959839
gyro:  -8.882446 18.295746  8.388977
accel:  0.063477 -0.022522  0.933594
gyro:  -8.097382 15.133057  8.994598
accel:  0.031982 -0.018738  0.976624
gyro:  -11.544189 21.278992  9.226379
accel:  0.048218 -0.021851  0.934631
gyro:  -6.220703 15.843353  8.321686
accel:  0.033691 -0.017090  0.943787
gyro:  -6.744080 19.970551  8.493652
accel:  0.037720 -0.009644  0.975403
gyro:  -7.783356 24.135132  7.940369
accel:  0.058411 -0.030762  0.942810
gyro:  -4.216919 20.770569 10.198364
accel:  0.058105 -0.039307  0.923340
gyro:  -2.871094 24.830475  9.428253
accel:  0.052551 -0.062744  0.959412
gyro:  -0.882263 26.998749  8.119812
accel:  0.060974 -0.072632  0.962036
gyro:   2.601929 32.748413  6.340332
accel:  0.081482 -0.077332  0.955566
gyro:  14.751740 46.520691  3.259888
accel:  0.141602 -0.124146  0.973022
gyro:  -8.523560 23.163147 20.374298
accel:  0.154602 -0.178162  1.049744
gyro:  -29.234314  5.749664  5.988922
accel:  0.032959 -0.292969  1.223572
gyro:  -56.771393 46.857147 -14.931183
accel:  0.104248 -0.206543  0.877197
gyro:  12.149811 16.067657 -8.665619
accel:  0.218872  0.026917  0.924866
gyro:  -20.090179 38.498077  2.429962
accel:  0.369263 -0.039001  0.972778
gyro:  -11.790924 29.795074  9.817047
accel:  0.345764  0.064026  0.891724
gyro:  -7.454376  7.454376 20.740662
accel:  0.301697  0.085510  0.808533
gyro:  -17.802277 -2.930908 19.492035
accel:  0.251038  0.167175  0.833923
gyro:  -6.101074 -2.332764  0.807495
accel:  0.229370  0.179016  1.000183
gyro:  -11.768494 35.783997  6.041260
accel:  0.215271  0.061890  1.021545
gyro:   5.697327 59.388275 38.333588
accel:  0.230957 -0.087158  0.929321
gyro:  34.438171 46.221619 10.415192
accel:  0.241882 -0.078308  1.052795
gyro:   2.392578 39.081268 -18.288269
accel:  0.328918 -0.140198  1.106018
gyro:  27.851105  4.007568 -25.884705
accel:  0.232788 -0.197266  1.139160
gyro:   9.615173 -13.331146 -9.069366
accel:  0.272522 -0.244873  1.050842
gyro:   -46.027222 -42.281342
accel:  0.240540 -0.324402  0.859192
gyro:   1.278534 41.092529 -33.989563
accel:  0.101746 -0.317261  1.026306
gyro:   7.581482 35.410156 -6.317902
accel:  0.275146 -0.362305  0.825623
gyro:  31.484833 -0.201874 -16.553650
accel:  0.231812 -0.524658  0.977051
gyro:  -1.211243 29.727783 -38.393402
accel:  0.187622 -0.403137  0.939392
gyro:   2.557068 54.864807 -20.770569
accel:  0.312439 -0.565125  0.883606
gyro:  -38.041992 46.341248 15.170441
accel:  0.294434 -0.410217  0.821716
gyro:  35.350342 87.516022 -40.942993
accel:  0.261169 -0.536682  0.862305
gyro:  22.587433 -25.480957 -24.927673
accel:  0.315186 -0.635193  1.028870
gyro:  -35.641937 -14.639587 -65.623932
accel:  0.205994 -0.502075  1.370361
gyro:  -10.594635  9.719849 -23.761292
accel:  0.302917 -0.499634  1.230530
gyro:  -14.759216 121.408386 -34.378357
accel:  0.239014 -0.367432  1.271240
gyro:  -37.032623 125.288849 -15.559235
accel:  0.398254 -0.392700  1.142395
gyro:  -39.933624 165.222473 -7.768402
accel:  0.643616 -0.509705  0.782166
gyro:  -72.734375 126.657104 -25.413666
accel:  0.738586 -0.367004  0.684998
gyro:   4.680481 57.937775 14.983521
accel:  0.763611 -0.354309  0.495850
gyro:  -24.277191 71.410980 -4.897308
accel:  0.738525 -0.323608  0.481995
gyro:  -6.011353 47.358093 16.987305
accel:  0.787720 -0.401733  0.535461
gyro:  -4.224396 72.532501 17.764893
accel:  0.881531 -0.418274  0.402283
gyro:  -9.966583 50.565643  1.727142
accel:  1.050232 -0.381714  0.358459
gyro:  -3.080444 35.268097 28.598785
accel:  1.005249 -0.289185  0.306152
gyro:  -9.921722 36.763458  6.220703
accel:  0.858215 -0.186707  0.179932
gyro:  -7.058105 -5.293579 -1.622467
accel:  0.769836 -0.243225  0.042542
gyro:  16.748047 -33.742828 -25.974426
accel:  0.577087 -0.436462  0.219360
gyro:  -7.753448 -87.942200 -14.048920
accel:  0.452881 -0.559082  0.295471
gyro:  54.864807 -118.477478 -16.015320
accel:  0.476929 -0.712158  0.501221
gyro:  -25.174408 -186.007996 56.943359
accel:  0.381470 -0.773071  1.069153
gyro:  -167.315979 -229.829559 158.403625
accel: -0.141663 -0.288452  0.956482
gyro:  47.081451 -159.113922 176.213379
accel: -0.494019 -0.387390  1.117004
gyro:  97.482605 -145.790253 138.664856
accel: -0.627380 -0.701721  1.347412
gyro:  42.872009 -74.386749 111.180115
accel: -0.756775 -0.755249  1.153381
gyro:  56.846161 -86.618805 73.310089
accel: -0.670410 -0.630310  0.894897
gyro:  19.387360 -14.938660 34.909210
accel: -0.703552 -0.570251  0.787170
gyro:  34.183960 36.651306 19.073334
accel: -0.515625 -0.632935  0.397888
gyro:  34.460602 30.617523 -11.611481
accel: -0.557068 -0.710876  0.436646
gyro:  -33.929749 52.861023 -31.469879
accel: -0.602966 -0.859009  0.870056
gyro:  -58.992004 135.404968  2.302856
accel: -0.561401 -0.949585  0.951599
gyro:  -55.747070 169.125366 -52.831116
accel: -0.490112 -0.816589  0.888489
gyro:  -45.982361 145.416412 -60.106049
accel: -0.354309 -0.711243  0.986206
gyro:  -48.965607 192.056732 -42.969208
accel: -0.281860 -0.692566  1.114807
gyro:  -66.857605 209.425354 -37.398987
accel: -0.091675 -0.827759  1.173950
gyro:  -49.361877 201.335449 -37.884979
accel:  0.137085 -0.845642  0.986694
gyro:  -67.007141 164.631805 -20.045319
accel:  0.390686 -0.785767  0.607971
gyro:  -58.229370 165.902863  7.618866
accel:  0.460693 -0.619385  0.618103
gyro:  -78.013000 185.522003 23.305206
accel:  0.640320 -0.271606  0.134766
gyro:  -51.313324 89.983368  2.078552
accel:  0.786560 -0.355225  0.016296
gyro:  -19.828491 59.089203 15.290070
accel:  0.803101 -0.355957 -0.153137
gyro:  -3.476715 -7.304840 -0.882263
accel:  0.694458 -0.372742 -0.097473
gyro:  24.449158 -42.984161  1.472931
accel:  0.614319 -0.374390 -0.113953
gyro:  19.469604 -85.878601  9.764709
accel:  0.505310 -0.307861  0.161316
gyro:  50.932007 -132.720795 23.043518
accel:  0.430603 -0.361877  0.317444
gyro:  -20.239716 -151.936188 75.672760
accel:  0.216248 -0.361694  0.669739
gyro:  58.984528 -202.666321 57.130280
accel: -0.028503 -0.611389  1.016907
gyro:  21.585541 -229.829559 77.616730
accel: -0.317322 -1.012207  1.741882
gyro:  81.190643 -132.122650 52.173157
accel: -0.319214 -1.097961  0.911133
gyro:  34.572754 -163.966370 60.838776
accel: -0.601013 -0.839233  1.169495
gyro:  18.647156 -53.885345 44.053345
accel: -0.527344 -0.697449  0.986694
gyro:  -58.446198 -52.890930 32.793274
accel: -0.418030 -0.881409  0.712952
gyro:   3.334656  0.276642 24.867859
accel: -0.474854 -0.737366  0.428467
gyro:  24.598694  3.641205 24.150085
accel: -0.559631 -0.718994  0.714050
gyro:   5.712280 37.107391 -17.271423
accel: -0.479736 -0.695923  0.606079
gyro:  -6.213226 84.772034 -5.166473
accel: -0.473511 -0.877747  0.742737
gyro:  -22.221069 105.669708 -7.828217
accel: -0.563354 -0.957214  0.849609
gyro:  -40.337372 161.013031 10.265656
accel: -0.465637 -1.269714  1.051392
gyro:  -59.605103 213.006744  8.934784
accel: -0.440979 -0.985596  1.192871
gyro:  -61.750946 197.096100 -25.361328
accel: -0.132874 -0.944946  0.942810
gyro:  -70.117493 203.197174 -37.742920
accel:  0.079041 -1.048096  0.990112
gyro:  -56.277924 197.985840 19.559326
accel:  0.173584 -0.756287  0.813232
gyro:  -118.597107 192.109070 23.447266
accel:  0.275574 -0.651550  0.542725
gyro:   5.824432 222.434998  6.063690
accel:  0.369263 -0.406921  0.174194
gyro:  -95.568542 79.366302 -16.037750
accel:  0.739624 -0.574402 -0.096924
gyro:  -29.742737 54.274139 13.293762
accel:  0.724243 -0.511108 -0.112366
gyro:  -24.037933  2.407532 21.682739
accel:  0.718140 -0.472656 -0.133484
gyro:  -14.871368 -64.285583  2.594452
accel:  0.583069 -0.341309 -0.161682
gyro:   5.585175 -122.365417  5.966492
accel:  0.482910 -0.484131  0.132446
gyro:  -25.166931 -152.519379 29.667969
accel:  0.374084 -0.395630  0.574890
gyro:  72.958679 -148.392181 -13.615265
accel:  0.177917 -0.125244  1.017334
gyro:  -97.033997 -193.342743 162.112122
accel:  0.052246 -0.445312  1.213257
gyro:  105.781860 -151.883850 112.757721
accel:  0.173645 -1.319275  0.833557
gyro:  107.867889 -197.769012 154.194183
accel: -0.533020 -1.113708  1.413757
gyro:  -58.147125 -152.324982 114.978333
accel: -0.660400 -0.320496  1.149780
gyro:  26.752014 22.093964 30.916595
accel: -0.442627 -0.698730  0.709351
gyro:  29.570770 -82.985077 16.142426
accel: -0.384766 -1.049438  0.880127
gyro:  -1.487885  6.564636 48.315125
accel: -0.585083 -0.490845  0.815247
gyro:   0.276642 15.200348 -24.157562
accel: -0.493652 -0.639832  0.755493
gyro:  -17.824707 78.723297 -54.730225
accel: -0.409729 -0.896423  0.632446
gyro:  -22.938843 55.006866 -21.241608
accel: -0.330261 -1.043579  0.861694
gyro:  -127.113190 -9.555359 53.227386
accel: -0.683838 -0.513184  1.077454
gyro:  -140.339661 126.918793 -63.530426
accel: -0.754395 -0.496338  1.495605
gyro:  -81.407471 -230.637054 -89.572144
accel: -0.510071 -0.900024  1.154968
gyro:  -90.162811 212.954407 -35.081177
accel:  0.078613 -0.868530  1.038147
gyro:  -102.581787 182.800446 -2.160797
accel:  0.262634 -0.658142  0.925049
gyro:  -35.410156 172.818909 -20.269623
accel:  0.482849 -0.413452  0.521057
gyro:  -54.408722 79.463501 -32.434387
accel:  0.557861 -0.253906  0.300537
gyro:  -108.017426 72.240906 -5.719757
accel:  0.575073 -0.132690  0.270935
gyro:  -93.661957 29.989471 -28.262329
accel:  0.709656 -0.066467  0.037048
gyro:  57.234955  7.147827 -65.952911
accel:  0.694092  0.003540  0.086609
gyro:  -30.139008 -78.738251 -67.074432
accel:  1.019592 -0.418091  0.047913
gyro:  -31.088562 -92.286224 101.594849
accel:  0.205933  0.033386  0.706787
gyro:  -102.806091 -155.106354 -7.088013
accel:  0.552063 -0.136963  0.770752
gyro:  -71.022186 -112.608185 120.219574
accel:  0.384460  0.288330  0.829346
gyro:  -123.599091 -85.923462 111.396942
accel:  0.002808  0.540100  0.948730
gyro:  -126.343079 -62.633209 99.680786
accel:  0.074341  0.371094  0.802124
gyro:  -164.998169 -151.091309 146.964111
accel: -0.626526  0.597168  0.802551
gyro:  -138.694763 -36.105499 74.895172
accel: -0.461487  0.613770  0.194580
gyro:  -126.604767 -113.879242 105.161285
accel: -0.629700  0.632751  0.388245
gyro:  -65.751038 41.840210 16.082611
accel: -0.679504  0.617615  0.407837
gyro:  -32.995148 91.830139  8.635712
accel: -0.722107  0.787598  0.431580
gyro:  25.226746 131.531982 -73.070831
accel: -0.853027  1.173584  0.409851
gyro:  72.113800 164.691620 -140.676117
accel: -1.109253  1.396423  0.431213
gyro:  -12.404022 144.638824 -189.409943
accel: -1.190308  1.262634  0.678162
gyro:   3.379517 152.915649 -226.749115
accel: -0.951538  0.876953  0.593628
gyro:  10.153503 176.781616 -174.777832
accel: -0.406799  0.337952  0.326050
gyro:   9.674988 163.069153 -111.419373
accel:  0.101013 -0.084229 -0.102539
gyro:  15.140533 84.547729 -35.066223
accel:  0.476685 -0.196045 -0.352722
gyro:   9.196472 22.497711  5.517883
accel:  0.699219 -0.050354 -0.298096
gyro:  34.019470 -47.006683 26.938934
accel:  0.666138 -0.154663 -0.375183
gyro:  25.951996 -126.634674 46.909485
accel:  0.362183 -0.158691  0.079041
gyro:  22.370605 -141.035004 94.753571
accel:  0.167847  0.204102  0.305359
gyro:  37.698059 -186.366882 128.556213
accel: -0.299194  0.289429  0.858521
gyro:   7.775879 -192.026825 139.076080
accel: -0.538391  0.694641  0.869080
gyro:  -229.051971 -151.951141 147.562256
accel: -1.055298  0.853760  0.932617
gyro:  -82.693481 -126.245880 93.946075
accel: -1.101013  0.691956  0.490540
gyro:  -52.434845 -106.267853 64.659424
accel: -1.022522  0.962891  0.470154
gyro:  21.465912 -28.180084  9.218903
accel: -0.758606  0.536926  0.360168
gyro:   8.007660 25.854797 -4.613190
accel: -0.627625  0.406921  0.261658
gyro:  17.106934 34.079285 -4.822540
accel: -0.627563  0.435852  0.361816
gyro:  15.791016 71.261444 -15.611572
accel: -0.663818  0.690491  0.478455
gyro:  14.168549 120.354156 -45.406647
accel: -0.865845  0.774963  0.601624
gyro:  34.019470 149.169769 -65.803375
accel: -1.034485  0.990356  0.565796
gyro:  -10.714264 176.848907 -77.467194
accel: -0.880371  0.767029  0.519592
gyro:  -125.475769 136.661072 -76.412964
accel: -0.533813  0.688171  0.470154
gyro:  -62.192078 145.169678 -99.366760
accel: -0.278992  0.588928  0.371338
gyro:  -38.176575 106.021118 -97.774200
accel:  0.054626  0.496033  0.279724
gyro:  -41.757965 86.850586 -83.231812
accel:  0.291992  0.253296  0.191101
gyro:  -18.422852 68.868866 -66.341705
accel:  0.515503  0.214722  0.015259
gyro:  -8.516083 49.481506 -26.370697
accel:  0.681458  0.282410  0.018616
gyro:  -18.789215 37.017670 -18.220978
accel:  0.776550  0.386780  0.021973
gyro:  -4.306641 29.824982  3.843079
accel:  0.760559  0.319641 -0.038330
gyro:  16.052704 -0.321503 15.985413
accel:  0.801880  0.256531 -0.112244
gyro:  16.419067 -26.176300 22.729492
accel:  0.873657  0.442444  0.217590
gyro:   1.143951 -15.103149 17.114410
accel:  1.128723  0.797546  0.276001
gyro:  -11.140442 35.761566 -4.029999
accel:  0.972595  0.710205  0.304443
gyro:  -15.005951 32.927856 -6.676788
accel:  0.879333  0.563171  0.124084
gyro:  -24.277191 27.223053 -0.224304
accel:  0.826843  0.454712  0.072327
gyro:   5.899200 16.979828 -7.910461
accel:  0.786377  0.254639  0.103760
gyro:  -4.254303 22.123871 20.576172
accel:  0.660278  0.043274 -0.031921
gyro:  75.216675 -52.128296 38.804626
accel:  0.444519 -0.108337 -0.024902
gyro:  106.581879 -112.144623 65.078125
accel:  0.266357 -0.379944 -0.047974
gyro:  30.400696 -173.372192 191.466064
accel: -0.389526  0.308716  0.662842
gyro:  113.236237 -217.821808 158.052216
accel: -0.881470  0.676514  0.515137
gyro:  -152.310028 -172.213287 153.775482
accel: -1.651489  1.068604  1.034729
gyro:  23.484650 -156.205444 69.138031
accel: -0.926270  1.161438  1.296936
gyro:  59.836884 65.691223 -35.955963
accel: -0.821228  0.613281  0.564209
gyro:  -1.091614 -4.067383 -48.786163
accel: -0.620544  0.172668  0.166626
gyro:  -4.306641 -3.297272 -19.432220
accel: -0.608276  0.258728  0.502625
gyro:  -42.834625 45.421600 29.466095
accel: -0.736755  0.469971  0.881775
gyro:  -24.441681 158.112030 -17.323761
accel: -0.990723  0.893921  0.917969
gyro:  -45.758057 178.045197 -102.133179
accel: -1.080505  1.165955  0.755981
gyro:  -37.219543 177.962952 -170.807648
accel: -0.900269  0.790100  0.695374
gyro:  -170.426331 165.917816 -166.740265
accel: -0.479858  0.399841  0.435181
gyro:  -80.308380 108.824921 -158.052216
accel:  0.022705  0.126892  0.222839
gyro:  -54.281616 81.893463 -123.651428
accel:  0.361877  0.119385  0.026855
gyro:  -56.270447 33.159637 -86.050568
accel:  0.634949 -0.099243 -0.227539
gyro:  -19.409790 19.125671 -3.454285
accel:  0.758179 -0.268555 -0.251038
gyro:  12.785339 -10.534821 39.170990
accel:  0.708618 -0.168030 -0.202942
gyro:  19.835968 -37.750397 53.690948
accel:  0.489136 -0.053589 -0.178162
gyro:  51.432953 -142.051849 114.125977
accel:  0.127197  0.013245  0.148376
gyro:  40.397186 -123.172913 201.701813
accel: -0.104370  0.222473  0.377625
gyro:  101.841583 -229.829559 -243.699036
accel: -0.934265  0.929504  0.385437
gyro:  -24.710846 -132.548828 -239.796143
accel: -1.167725  1.768799  0.625916
gyro:  -68.622131 -48.359985 90.775909
accel: -1.116211  0.772339  0.505371
gyro:  -31.836243 -18.482666 37.354126
accel: -0.787659  0.965149  0.468262
gyro:  -9.443207 -0.104675 -35.410156
accel: -0.656555  0.431519  0.249023
gyro:   2.841187  3.701019 -8.994598
accel: -0.621521  0.271362  0.200928
gyro:  12.807770 20.523834  8.628235
accel: -0.622375  0.428650  0.309875
gyro:  -2.153320 31.888580 -2.250519
accel: -0.712830  0.707886  0.497925
gyro:  -13.936768 104.166870 -54.423676
accel: -0.809326  0.887146  0.511169
gyro:  11.446991 137.700348 -113.400726
accel: -0.871094  1.045349  0.502747
gyro:  -8.411407 155.891418 -134.246063
accel: -0.745178  0.895630  0.564331
gyro:  -50.079651 139.061127 -156.631622
accel: -0.554749  1.116760  0.598755
gyro:  -68.809052 143.808899 -181.439667
accel: -0.330383  0.657104  0.498474
gyro:  -134.933929 101.587372 -169.424438
accel:  0.138611  0.384277  0.101929
gyro:  -78.207397 75.874634 -112.032471
accel:  0.420166 -0.096375 -0.201233
gyro:  -33.937225 24.516449 -31.970825
accel:  0.585632 -0.354004 -0.309448
gyro:  11.312408  3.663635 22.400513
accel:  0.612549 -0.531494 -0.409119
gyro:  34.654999 -56.098480 149.954834
accel:  0.363159 -0.297913 -0.154602
gyro:  53.720856 -74.050293 227.265015
accel: -0.108582 -0.062927  0.182983
gyro:  37.533569 -71.844635 238.323212
accel: -0.546692  0.294678  0.196411
gyro:  -109.258575 -132.496490 -239.796143
accel: -1.380188  1.263672  0.706604
gyro:  103.404236 -104.144440 166.112213
accel: -1.303650  1.536072  0.969177
gyro:   6.198273 -41.122437  6.160889
accel: -0.753418  1.433838  0.801819
gyro:  34.169006 64.502411 -43.881378
accel: -0.620056  0.661072  0.421387
gyro:  132.683411 54.520874 -77.257843
accel: -0.603210  0.853455  0.777527
gyro:  83.628082 126.649628 -48.479614
accel: -0.593872  0.292480  0.892334
gyro:  125.468292 157.798004 -24.598694
accel: -0.438232  0.193420  0.645630
gyro:  96.705017 140.668640 32.367096
accel: -0.146851  0.142273  0.640808
gyro:  34.647522 76.054077 54.535828
accel:  0.057251 -0.030884  0.391479
gyro:  82.977600 44.599152 -23.716431
accel:  0.151123 -0.011780  0.758179
gyro:  23.738861  9.630127 43.178558
accel:  0.173462 -0.315735  0.670715
gyro:  -85.751495 -7.656250  8.127289
accel:  0.053955  0.315002  0.493652
gyro:  18.647156 -26.841736 41.855164
accel:  0.054871 -0.215881  1.076111
gyro:  18.774261 -7.446899 21.510773
accel:  0.031738 -0.035706  0.946167
gyro:   2.549591 12.605896  0.800018
accel:  0.041016 -0.117493  1.018555
gyro:  -0.014954 20.366821  1.921539
accel:  0.091675 -0.182983  1.034973
gyro:   3.005676 28.105316  9.166565
accel:  0.151550 -0.172974  0.910156
gyro:  -15.185394 17.308807 21.032257
accel:  0.112244 -0.174133  1.007202
gyro:  -10.273132 13.779755 22.871552
accel:  0.055359 -0.156067  0.999573
gyro:  -17.383575 32.516632 11.103058
accel:  0.082581 -0.156616  0.935242
gyro:  -18.295746 19.118195 22.908936
accel:  0.065613 -0.148071  0.954773
gyro:  -2.930908 18.983612 24.172516
accel:  0.072937 -0.171509  0.990845
gyro:  -10.332947 19.469604  8.867493
accel:  0.053650 -0.156372  0.963501
gyro:  -15.910645 17.129364  0.254211
accel:  0.097839 -0.171570  0.940674
gyro:  -6.931000 11.379700  6.841278
accel:  0.085205 -0.164795  0.987793
gyro:  -3.663635 22.348175  1.988831
accel:  0.116821 -0.147705  0.953979
gyro:  -7.289886 15.574188 -2.579498
accel:  0.081299 -0.151367  0.952209
gyro:  -8.822632 16.882629  7.312317
accel:  0.083313 -0.183777  1.003723
gyro:  -4.680481 18.348083  8.456268
accel:  0.106140 -0.186157  0.951538
gyro:  -5.286102 15.319977 11.028290