accel:  0.177734 -0.198181  0.970276
gyro:  -8.807678 17.734985  8.217010
accel:  0.178406 -0.200195  0.979431
gyro:  -9.129181 17.428436  7.828217
accel:  0.178955 -0.200317  0.983154
gyro:  -9.159088 17.705078  8.127289
accel:  0.177307 -0.199280  0.976807
gyro:  -9.144135 17.577972  7.858124
accel:  0.179749 -0.196289  0.973877
gyro:  -9.099274 17.555542  8.142242
accel:  0.175476 -0.197998  0.974670
gyro:  -9.002075 17.540588  8.127289
accel:  0.178223 -0.197754  0.978210
gyro:  -8.919830 17.510681  8.314209
accel:  0.183228 -0.200500  0.979675
gyro:  -9.203949 17.570496  7.633820
accel:  0.177063 -0.199768  0.974121
gyro:  -9.031982 17.495728  7.992706
accel:  0.178223 -0.198425  0.978699
gyro:  -9.069366 17.607880  8.000183
accel:  0.177063 -0.197937  0.969666
gyro:  -9.129181 17.495728  7.947845
accel:  0.177856 -0.199463  0.972534
gyro:  -9.069366 17.742462  8.030090
accel:  0.179443 -0.201172  0.980652
gyro:  -9.129181 17.563019  8.037567
accel:  0.176514 -0.199707  0.981323
gyro:  -9.069366 17.600403  8.314209
accel:  0.178162 -0.197327  0.978699
gyro:  -9.129181 17.705078  8.015137
accel:  0.177917 -0.202209  0.987854
gyro:  -9.046936 17.443390  7.985229
accel:  0.177673 -0.200562  0.973938
gyro:  -9.002075 17.764893  8.276825
accel:  0.177063 -0.197083  0.973572
gyro:  -9.099274 17.682648  7.947845
accel:  0.180481 -0.197144  0.974243
gyro:  -9.465637 17.413483  7.760925
accel:  0.177612 -0.199341  0.975830
gyro:  -9.106750 17.510681  7.917938
accel:  0.179260 -0.197998  0.975159
gyro:  -9.099274 17.577972  8.104858
accel:  0.178467 -0.197205  0.983459
gyro:  -8.680573 17.503204  8.217010
accel:  0.177795 -0.198669  0.975586
gyro:  -8.867493 17.458344  8.149719
accel:  0.177979 -0.198853  0.979187
gyro:  -9.465637 17.600403  7.880554
accel:  0.181702 -0.200073  0.975098
gyro:  -8.934784 17.720032  8.172150
accel:  0.178772 -0.198975  0.974182
gyro:  -9.181519 17.697601  7.977753
accel:  0.182739 -0.202332  0.984863
gyro:  -9.031982 17.450867  7.910461
accel:  0.179077 -0.201050  0.976440
gyro:  -9.256287 17.577972  7.985229
accel:  0.177124 -0.199951  0.974182
gyro:  -8.927307 17.480774  8.246918
accel:  0.181580 -0.199341  0.973694
gyro:  -9.151611 17.570496  8.082428
accel:  0.180786 -0.200256  0.976196
gyro:  -9.301147 17.428436  7.813263
accel:  0.177551 -0.196594  0.977539
gyro:  -9.390869 17.443390  8.082428
accel:  0.178955 -0.200500  0.977295
gyro:  -9.331055 17.503204  7.985229
accel:  0.178162 -0.201904  0.970947
gyro:  -9.136658 17.697601  8.000183
accel:  0.177124 -0.199341  0.972900
gyro:  -9.271240 17.615356  7.820740
accel:  0.177917 -0.198792  0.975342
gyro:  -8.957214 17.548065  8.134766
accel:  0.178650 -0.196899  0.975159
gyro:  -9.002075 17.540588  8.112335
accel:  0.178650 -0.197327  0.978333
gyro:  -9.241333 17.480774  7.813263
accel:  0.178650 -0.200012  0.983215
gyro:  -9.159088 17.682648  8.127289
accel:  0.182556 -0.200439  0.979614
gyro:  -9.181519 17.548065  8.097382
accel:  0.176086 -0.199158  0.968506
gyro:  -9.054413 17.525635  8.074951
accel:  0.178101 -0.201355  0.973694
gyro:  -9.136658 17.585449  8.067474
accel:  0.178467 -0.199341  0.970764
gyro:  -9.017029 17.592926  8.007660
accel:  0.179077 -0.199158  0.974365
gyro:  -9.091797 17.533112  8.134766
accel:  0.177490 -0.199890  0.977722
gyro:  -8.979645 17.667694  7.738495
accel:  0.178528 -0.202271  0.978943
gyro:  -9.174042 17.465820  7.813263
accel:  0.177734 -0.199524  0.971375
gyro:  -9.031982 17.428436  8.104858
accel:  0.177124 -0.200256  0.976379
gyro:  -8.725433 17.510681  8.224487
accel:  0.180359 -0.196899  0.981079
gyro:  -9.316101 17.652740  7.977753
accel:  0.178040 -0.198486  0.976807
gyro:  -8.919830 17.622833  7.940369
accel:  0.180603 -0.200623  0.974243
gyro:  -8.897400 17.465820  8.157196
accel:  0.178772 -0.197021  0.977905
gyro:  -9.076843 17.570496  8.112335
accel:  0.178589 -0.197266  0.971558
gyro:  -9.106750 17.480774  7.880554
accel:  0.180725 -0.198425  0.973145
gyro:  -8.912354 17.600403  7.940369
accel:  0.179688 -0.198303  0.968811
gyro:  -8.927307 17.615356  8.007660
accel:  0.177002 -0.197327  0.970337
gyro:  -8.964691 17.824707  8.119812
accel:  0.180603 -0.199402  0.981018
gyro:  -9.076843 17.420959  7.955322
accel:  0.178894 -0.199951  0.977112
gyro:  -9.031982 17.465820  8.149719
accel:  0.179382 -0.197998  0.980408
gyro:  -9.076843 17.555542  8.104858
accel:  0.178040 -0.198608  0.976868
gyro:  -9.375916 17.525635  7.708588
accel:  0.177734 -0.197266  0.975464
gyro:  -9.031982 17.712555  8.314209
accel:  0.180725 -0.197449  0.968567
gyro:  -8.830109 17.346191  7.708588
accel:  0.180969 -0.198914  0.970337
gyro:  -9.181519 17.525635  8.022614
accel:  0.179382 -0.198181  0.967407
gyro:  -8.815155 17.720032  8.239441
accel:  0.178650 -0.199280  0.973206
gyro:  -9.046936 17.473297  7.902985
accel:  0.178040 -0.201721  0.971985
gyro:  -9.039459 17.525635  8.231964
accel:  0.176086 -0.200012  0.976562
gyro:  -9.061890 17.480774  7.917938
accel:  0.178101 -0.201294  0.976135
gyro:  -9.286194 17.682648  8.179626
accel:  0.180054 -0.199463  0.980591
gyro:  -8.874969 17.832184  8.007660
accel:  0.179199 -0.200745  0.972900
gyro:  -9.054413 17.757416  7.783356
accel:  0.179321 -0.199707  0.979919
gyro:  -9.002075 17.368622  8.157196
accel:  0.182251 -0.200806  0.979736
gyro:  -9.076843 17.600403  8.239441
accel:  0.174500 -0.198669  0.974792
gyro:  -9.218903 17.652740  7.977753
accel:  0.183655 -0.245972  0.942627
gyro:  -9.114227 17.645264  8.142242
accel:  0.177124 -0.199463  0.980469
gyro:  -9.076843 17.630310  7.738495
accel:  0.177673 -0.193604  0.963989
gyro:  -8.912354 17.600403  8.254395
accel:  0.190186 -0.192627  0.980957
gyro:  -9.308624 17.652740  8.074951
accel:  0.179138 -0.202454  0.988220
gyro:  -9.293671 18.392944 38.498077
accel:  0.010803 -0.149597  1.183472
gyro:  -0.934601  7.073059 34.580231
accel:  0.102173 -0.376038  1.136597
gyro:  33.458710 21.353760 48.120728
accel:  0.181152 -0.381104  1.470154
gyro:  67.597809 86.409454 41.055145
accel:  0.308655 -0.647705  0.984375
gyro:   8.022614 67.582855 118.791504
accel:  0.374756 -0.569275  1.020752
gyro:  31.641846 38.027039 164.145813
accel:  0.411255 -0.575684  0.994019
gyro:  18.938751  4.658051 176.146088
accel:  0.443481 -0.254456  0.815125
gyro:   2.586975  2.003784 118.275604
accel:  0.563110 -0.122375  0.687622
gyro:  60.786438 -20.157471 52.075958
accel:  0.437256 -0.152649  0.891785
gyro:  -23.215485  3.364563  6.564636
accel:  0.427979 -0.208313  0.922180
gyro:   2.287903 13.533020 -21.436005
accel:  0.418579 -0.118347  0.999329
gyro:  -57.773285 18.542480 -33.219452
accel:  0.359558 -0.295654  0.940369
gyro:  -76.951294 -10.332947 -25.540771
accel:  0.325684 -0.182007  0.965454
gyro:  -74.999847  1.824341 20.441589
accel:  0.410095 -0.029541  1.189453
gyro:  -92.017059 -32.082977 10.213318
accel:  0.345520  0.007080  1.060364
gyro:  -78.027954 -15.447083 -26.856689
accel:  0.239929  0.166687  1.003357
gyro:  19.192963 14.250793 -38.438263
accel:  0.372131 -0.026611  0.882751
gyro:  -35.335388 -20.224762 -11.783447
accel:  0.255310  0.296082  0.978699
gyro:   2.332764  3.499146 -23.596802
accel:  0.211487  0.015381  0.829163
gyro:  68.786621 10.504913 -44.681396
accel:  0.228394 -0.093323  0.704529
gyro:   5.061798 -10.684357 -24.920197
accel:  0.230103 -0.211670  0.701477
gyro:  -15.454559 -1.547699 -28.935242
accel:  0.171570 -0.275391  0.899109
gyro:  28.479156 60.121002 115.546570
accel:  0.018066 -0.530701  1.060486
gyro:  29.503479 -4.904785  5.443115
accel:  0.227783 -0.029053  1.470154
gyro:  -9.622650 16.523743  7.813263
accel:  0.219666 -0.143494  0.936035
gyro:  20.710754 17.503204  6.923523
accel:  0.202881 -0.162109  0.927307
gyro:   2.863617 16.613464  7.544098
accel:  0.217957 -0.154419  0.986511
gyro:  -50.730133 -10.706787 -34.669952
accel:  0.258728 -0.589539  1.103638
gyro:   0.740204 35.776520 55.567627
accel:  0.219482 -0.715942  0.785156
gyro:  -55.933990  9.772186 87.904816
accel:  0.107849 -0.444824  0.954651
gyro:   7.626343 26.811829 65.713654
accel:  0.112610 -0.143982  0.832031
gyro:  40.628967 24.292145 74.439087
accel:  0.166382 -0.130859  0.876221
gyro:  13.533020 -23.529510 96.615295
accel: -0.018250  0.170532  1.223145
gyro:  28.583832 35.170898 27.372589
accel: -0.305725  0.587769  1.455139
gyro:  -19.918213 29.996948 -7.454376
accel: -0.144836  0.400879  1.263611
gyro:  -56.270447 35.664368 -1.996307
accel: -0.026978  0.317871  1.062378
gyro:  -73.781128  5.084229 -58.700409
accel:  0.035828  0.174866  0.987976
gyro:  38.737335 27.013702 -91.306763
accel:  0.177490 -0.159058  0.717712
gyro:  -25.555725  0.127106 -69.309998
accel:  0.186462 -0.416870  0.582581
gyro:  -9.577789 -5.749664 -54.169464
accel:  0.173279 -0.686707  0.711426
gyro:  -26.303406 62.670593 -2.444916
accel:  0.255249 -0.305786  0.466248
gyro:  16.598511 24.120178  5.929108
accel:  0.002319 -0.058228  0.944397
gyro:  -37.548523 17.361145 11.850739
accel:  0.241089 -0.153687  0.867615
gyro:  12.217102 31.305389  5.794525
accel:  0.217590 -0.115784  1.048340
gyro:  -11.200256 20.120087  4.403839
accel:  0.210938 -0.168274  0.908203
gyro:  -2.915955  4.194489 -6.377716
accel:  0.496521 -0.975342  1.161194
gyro:  -30.759583 11.843262 37.406464
accel:  0.322266 -0.871338  0.940552
gyro:  -5.802002 15.334930 88.839417
accel:  0.101135 -0.341675  0.743835
gyro:  -7.723541 -3.783264 96.832123
accel:  0.055115 -0.148804  0.959167
gyro:  -5.734711  3.386993 79.822388
accel: -0.064392  0.068848  0.989624
gyro:  51.193695 46.326294 84.375763
accel: -0.158569  0.251221  1.099731
gyro:  23.873444 33.765259 41.660767
accel: -0.035461  0.133789  1.094666
gyro:  -16.905060 15.551758 26.333313
accel: -0.082336  0.183350  1.202148
gyro:  -49.548798  3.185120 -1.330872
accel: -0.165833  0.356445  1.062195
gyro:  -62.251892 -1.749573 -51.066589
accel: -0.197021  0.111389  1.225220
gyro:  -6.489868 45.937500 -89.744110
accel: -0.034607 -0.226990  0.992981
gyro:  -2.699127 29.705353 -81.422424
accel:  0.104553 -0.353149  0.429016
gyro:  -44.113159 -35.911102 -63.560333
accel:  0.207825 -0.466187  0.558411
gyro:  -17.667694 16.486359 -60.921021
accel:  0.093567 -0.514832  0.869263
gyro:  -26.430511 -64.121094 20.845337
accel: -0.066650  0.178711  0.799683
gyro:  -19.006042 22.430420  8.239441
accel:  0.187256 -0.367676  0.745422
gyro:  -55.283508  0.620575 18.445282
accel:  0.122620 -0.067139  1.265625
gyro:  -36.344757 30.281067 10.833893
accel:  0.175415 -0.259766  0.805725
gyro:  -10.901184 -2.609406 15.319977
accel:  0.373840 -0.814941  1.338684
gyro:  -19.050903 25.129547 50.318909
accel:  0.224731 -0.196838  0.976440
gyro:  -19.776154 35.126038 43.814087
accel:  0.049072  0.189514  0.880005
gyro:  -11.118011 20.426636 17.824707
accel:  0.156982 -0.013489  0.949951
gyro:  -9.203949 22.034149 10.960999
accel:  0.161621 -0.057800  0.972107
gyro:  -21.099548 18.572388 10.011444
accel:  0.143127  0.048340  0.986755
gyro:  -13.189087 19.776154  0.373840
accel:  0.210999 -0.047424  0.963196
gyro:  -0.553284 23.484650  2.915955
accel:  0.332336 -0.352173  0.920532
gyro:   2.960815 19.013519  0.777588
accel:  0.343323 -0.560425  0.893860
gyro:   6.512299 41.137390 29.114685
accel:  0.235229 -0.390076  0.786072
gyro:  15.948029 20.897675 54.319000
accel:  0.322510 -0.417358  0.813354
gyro:   3.925323 -14.617157 67.283783
accel:  0.330505 -0.301514  1.052734
gyro:  39.096222 13.899384 76.226044
accel:  0.181396 -0.043091  1.269104
gyro:  47.066498 42.027130 72.741852
accel:  0.014404  0.253784  1.197327
gyro:  -29.413757 24.479065 41.055145
accel: -0.098755  0.419434  1.318909
gyro:  -70.252075 21.286469 -19.529419
accel:  0.071655  0.099670  1.032349
gyro:  -45.197296 12.112427 -46.520691
accel:  0.234985 -0.032288  1.053406
gyro:  -37.488708  0.089722 -55.859222
accel:  0.347595 -0.089905  0.969971
gyro:  -11.155396 18.243408 -63.926697
accel:  0.274658 -0.044312  0.898804
gyro:  22.071533 32.875519 -79.777527
accel:  0.311890 -0.241699  0.687866
gyro:  -12.045135 -12.867584 -52.831116
accel:  0.112366 -0.309448  1.802368
gyro:  38.490601 38.258820 18.946228
accel:  0.158752 -1.013062 -1.982544
gyro:   2.796326 -20.411682 16.411591
accel: -0.161133  0.146973  0.973328
gyro:  -28.344574  8.344116 14.946136
accel:  0.340637 -0.350403  0.818420
gyro:  -64.412689  7.917938 25.892181
accel:  0.291565 -0.161377  0.998596
gyro:  -25.645447 18.662109  8.015137
accel:  0.318420 -0.223083  0.932617
gyro:  -28.763275 19.918213 11.170349
accel:  0.281067 -0.155090  1.000366
gyro:  -25.054779 17.891998  0.441132
accel:  0.369324 -0.210571  0.996155
gyro:   3.162689 23.955688  4.762726
accel:  0.528015 -0.484619  0.979919
gyro:   7.858124 40.419617  3.992615
accel:  0.429810 -0.270935  1.051025
gyro:  -34.183960 31.709137 46.744995
accel:  0.471436 -0.576477  0.913452
gyro:  16.553650 46.543121 99.508820
accel:  0.352051 -0.435791  0.671326
gyro:  15.364838 29.929657 127.793579
accel:  0.294861 -0.420898  0.807129
gyro:  -2.459869 16.912537 153.775482
accel:  0.205017 -0.309082  0.787415
gyro:   1.084137 -14.228363 156.183014
accel: -0.020691 -0.143921  0.965515
gyro:  11.289978  8.703003 138.178864
accel: -0.298401  0.299866  1.297791
gyro:  -7.297363 15.948029 47.343140
accel: -0.427612  0.722046  1.182739
gyro:  -30.370789 17.039642 -57.578888
accel: -0.414001  0.567139  0.952637
gyro:  -53.227386 -2.706604 -105.617371
accel: -0.215820  0.124207  0.996643
gyro:  -34.819489  1.435547 -134.186249
accel:  0.023315 -0.106995  0.980530
gyro:  -11.192780 -3.768311 -131.651611
accel:  0.212646 -0.298889  1.142029
gyro:  -1.061707 -0.059814 -130.477753
accel:  0.333740 -0.399780  0.937378
gyro:  42.266388 19.888306 -113.819427
accel:  0.394165 -0.455200  0.617371
gyro:  -15.252686 -45.444031 -58.147125
accel:  0.402527 -0.493774  1.728516
gyro:  123.457031 102.163086 -82.013092
accel:  0.341553 -0.541626  0.380310
gyro:  -37.084961 -18.594818 14.654541
accel:  0.069763  0.128357  0.839905
gyro:  -1.375732 18.497620  2.803802
accel:  0.331421 -0.276672  0.933167
gyro:  -39.649506 17.211609 13.024597
accel:  0.317261 -0.221130  0.939758
gyro:  -22.976227 11.289978  1.465454
accel:  0.374268 -0.376038  1.074768
gyro:  -24.097748 35.298004 66.610870
accel:  0.518494 -0.792969  0.956299
gyro:  -41.421509 15.185394 115.404510
accel:  0.310425 -0.446533  0.878052
gyro:   1.906586 25.428619 122.709351
accel:  0.166382 -0.267212  0.846680
gyro:  -6.646881 -5.031891 117.961578
accel:  0.114441 -0.244751  0.951721
gyro:  32.748413 22.303314 121.595306
accel:  0.002869 -0.116882  1.053345
gyro:  43.358002 10.295563 126.036530
accel: -0.282043  0.238342  1.016907
gyro:  -20.792999 30.393219 44.898224
accel: -0.452820  0.637939  1.270935
gyro:  -70.379181  7.708588 -40.285034
accel: -0.315674  0.417297  0.812439
gyro:  -27.671661 -15.828400 -90.521698
accel: -0.213562  0.108276  0.955322
gyro:  13.809662  0.553284 -115.075531
accel: -0.133789 -0.095032  1.155823
gyro:  20.471497 36.225128 -128.309479
accel: -0.002197 -0.110474  0.889526
gyro:  17.645264 36.382141 -107.015533
accel:  0.252747 -0.335327  0.955505
gyro:  -7.648773  3.297272 -65.668793
accel:  0.313416 -0.530273  0.818420
gyro:  -7.431946 103.815460 120.391541
accel:  0.511047  1.823730 -1.982544
gyro:  -117.146606 -10.168457 31.402588
accel:  0.589172 -0.719971  0.233948
gyro:  -6.489868  9.121704 13.966675
accel:  0.256653 -0.235168  0.875183
gyro:  -16.703186 22.834167 10.407715
accel:  0.434570 -0.341980  0.928406
gyro:  -0.852356 19.260254  6.302948
accel:  0.359680 -0.274841  0.972900
gyro:  -10.340424 16.949921  8.231964
accel:  0.347717 -0.282776  0.953552
gyro:  -2.542114 16.067657  8.052521
accel:  0.355408 -0.294373  0.956909
gyro:  -9.159088 18.101349  8.620758
accel:  0.350220 -0.287354  0.980774
gyro:  -5.338440 18.751831  7.544098
accel:  0.364075 -0.296326  0.951843
gyro:  -11.925507 19.634094  7.028198
accel:  0.351807 -0.300537  0.948853
gyro:   6.138458 -21.555634  1.749573
accel:  0.562439 -0.804626  0.303711
gyro:  -54.662933 18.512573 86.932831
accel:  0.324951 -0.768982  0.969788
gyro:  -22.064056 27.768860 102.387390
accel:  0.156250 -0.333252  0.673401
gyro:  -16.000366 -28.486633 87.149658
accel:  0.084778 -0.043335  0.667419
gyro:  17.495728 -10.871277 80.188751
accel:  0.021790  0.137634  0.794067
gyro:  47.432861 21.996765 32.987671
accel: -0.004211 -0.041870  0.827332
gyro:  -18.886414 -19.387360 -21.750031
accel:  0.194702 -0.377014  0.940979
gyro:  -23.993073 -22.467804 22.505188
accel: -0.022095 -0.012329  1.488220
gyro:  -5.069275 39.477539 -2.975769
accel:  0.064331 -0.235962  1.293823
gyro:  -12.142334 46.326294  8.403931
accel:  0.240295 -0.252502  1.128845
gyro:  -79.852295 18.557434 -73.855896
accel:  0.075073 -0.223877  0.848145
gyro:  34.490509 87.127228 18.250885
accel:  0.239258 -0.191467  0.880005
gyro:  16.404114 64.681854 -5.009460
accel:  0.273132 -0.260620  1.143860
gyro:  34.266205 27.634277 -8.904877
accel:  0.310608 -0.215515  1.217468
gyro:  13.809662 20.232239  2.781372
accel:  0.303345 -0.365234  1.048950
gyro:  -13.996582  6.056213 -25.600586
accel:  0.318542 -0.315491  0.899414
gyro:   0.142059  6.691742 -19.843445
accel:  0.313354 -0.314819  0.877563
gyro:  -4.972076 21.181793 -0.695343
accel:  0.307129 -0.308594  0.920837
gyro:  -10.041351 37.922363 16.045227
accel:  0.293457 -0.391174  1.040710
gyro:  -9.652557 16.090088 -11.932983
accel:  0.362122 -0.412842  1.001953
gyro:  -5.450592  1.375732 -6.579590
accel:  0.300903 -0.329529  0.966614
gyro:  -11.020813 17.099457  8.351593
accel:  0.346313 -0.319580  0.886047
gyro:  -9.899292 24.142609 18.295746
accel:  0.291748 -0.419556  0.939087
gyro:  -2.489777  1.682281 17.084503
accel:  0.279053 -0.376526  1.006226
gyro:  -2.572021  5.009460 16.725616
accel:  0.241211 -0.462769  0.958313
gyro:  -11.873169 20.673370  0.314026
accel:  0.245483 -0.437134  0.894653
gyro:  -9.615173 26.437988  0.665436