gyro:  -42.722473  6.938477  5.555267
accel:  0.309326 -0.213379  0.973267
gyro:  21.996765 32.950287 -6.594543
accel:  0.337524 -0.169128  1.030151
gyro:  35.425110 36.150360 -5.854340
accel:  0.388184 -0.329285  0.768738
gyro:  22.273407  5.824432 -0.104675
accel:  0.354004 -0.442505  0.883728
gyro:  -7.970276 10.048828 10.400238
accel:  0.306763 -0.494751  0.992493
gyro:  -12.762909 17.974243 12.269440
accel:  0.318481 -0.477417  0.948730
gyro:  -35.843811  8.568420 30.654907
accel:  0.286255 -0.445557  0.965393
gyro:  -8.202057 14.273224  8.403931
accel:  0.294556 -0.304932  1.010803
gyro:  11.701202 17.899475 -4.927216
accel:  0.293823 -0.417603  0.958313
gyro:  -13.413391  9.263763  3.372040
accel:  0.253357 -0.383850  0.933411
gyro:  -20.471497 12.628326  4.187012
accel:  0.292297 -0.348938  0.973022
gyro:  -21.914520 20.000458  5.540314
accel:  0.279968 -0.332642  0.948486
gyro:  -25.525818 17.742462  6.033783
accel:  0.279785 -0.349060  0.958618
gyro:  -23.731384 16.194763  7.431946
accel:  0.276611 -0.268799  0.950745
gyro:  -27.933350 14.811554  4.493561
accel:  0.262024 -0.267029  0.968994
gyro:  -4.478607 21.660309 -3.484192
accel:  0.264587 -0.236633  0.915283
gyro:   0.957031 16.740570 -0.082245
accel:  0.268066 -0.285461  0.937317
gyro:  -8.172150 15.462036  4.979553
accel:  0.282776 -0.304565  0.940979
gyro:  -12.680664 15.992889 14.841461
accel:  0.272888 -0.294067  0.995605
gyro:  -6.848755 16.628418  8.478699
accel:  0.262756 -0.237122  0.960693
gyro:  -9.458160 17.914429  4.314117
accel:  0.268982 -0.269531  0.964905
gyro:  -12.291870 12.261963  8.381500
accel:  0.279541 -0.307495  0.964355
gyro:  -19.110718 11.110535 12.299347
accel:  0.273621 -0.267212  0.982910
gyro:  -10.482483 13.114319 13.084412
accel:  0.264465 -0.269897  0.952332
gyro:  -10.803986 14.056396 13.540497
accel:  0.255127 -0.252441  0.969727
gyro:  -12.366638 14.841461 15.155487
accel:  0.242981 -0.241577  1.001038
gyro:  -10.220795 17.906952 11.050720
accel:  0.234314 -0.222900  0.970276
gyro:  -12.030182 16.149902  8.613281
accel:  0.234070 -0.242188  0.983032
gyro:  -9.906769 18.161163  6.901093
accel:  0.247620 -0.237610  0.973816
gyro:  -12.770386 16.987305  7.102966
accel:  0.239746 -0.229492  0.959900
gyro:  -15.364838 14.161072  7.170258
accel:  0.233521 -0.255859  0.963562
gyro:  -14.534912 13.749847  7.873077
accel:  0.229248 -0.237122  0.953308
gyro:  -14.101257  5.899200 12.837677
accel:  0.238831 -0.252625  0.953308
gyro:  -12.897491 10.168457 13.876953
accel:  0.209229 -0.175842  0.985229
gyro:  -9.779663  9.316101  7.200165
accel:  0.191589 -0.161621  0.962524
gyro:  -6.407623  5.727234  5.712280
accel:  0.183838 -0.190186  0.991760
gyro:  -7.230072 10.774078  5.794525
accel:  0.159058 -0.216919  0.993896
gyro:  -7.932892 13.891907  7.215118
accel:  0.140869 -0.190918  1.016541
gyro:  -12.314301 18.011627  6.886139
accel:  0.135315 -0.179016  1.020081
gyro:  -7.387085 19.596710  3.013153
accel:  0.148438 -0.197937  0.961121
gyro:  -9.876862 18.706970  4.209442
accel:  0.135132 -0.187439  0.979980
gyro:  -10.205841 21.181793  3.357086
accel:  0.135986 -0.176025  0.948181
gyro:  -8.882446 20.127563  2.616882
accel:  0.142334 -0.198914  0.951233
gyro:  -9.390869 15.005951  3.671112
accel:  0.150330 -0.208496  0.972473
gyro:  -7.850647 18.213501  4.575806
accel:  0.169006 -0.218994  0.970459
gyro:  -6.833801 19.035950  6.198273
accel:  0.171753 -0.194702  0.982056
gyro:  -9.054413 18.819122  6.669312
accel:  0.172668 -0.187500  0.987671
gyro:  -3.005676 24.920197  4.598236
accel:  0.176331 -0.191956  1.024231
gyro:  37.055054 31.694183  5.831909
accel:  0.208740 -0.250366  1.064148
gyro:  -17.914429 20.045319 32.008209
accel:  0.177856 -0.286682  0.940552
gyro:  -29.406281 25.495911 12.112427
accel:  0.181274 -0.159790  1.029358
gyro:  -14.265747 28.389435  2.482300
accel:  0.213196 -0.271851  0.937195
gyro:  -14.258270 25.623016  9.181519
accel:  0.224121 -0.292908  0.936707
gyro:  -12.052612 21.884613 10.841370
accel:  0.240417 -0.262268  0.921570
gyro:  -9.832001 18.243408 10.460052
accel:  0.245850 -0.205017  0.922424
gyro:  -8.658142 10.131073 11.028290
accel:  0.277405 -0.221924  0.962830
gyro:  -13.824615  2.041168 18.609772
accel:  0.372864 -0.249817  0.979980
gyro:  -28.763275 15.918121 39.380341
accel:  0.318176 -0.334106  1.242493
gyro:   1.390686 20.964966 35.529785
accel:  0.199951 -0.264099  0.962708
gyro:  -20.822906 33.436279 42.849579
accel:  0.148743 -0.268127  1.043945
gyro:   7.895508 19.394836 37.847595
accel:  0.186157 -0.176086  0.910400
gyro:  -22.168732 16.149902 43.731842
accel:  0.228577 -0.300781  0.876160
gyro:  -37.256927 25.645447 43.118744
accel:  0.235962 -0.150818  0.969177
gyro:  22.146301 43.821564 23.409882
accel:  0.243225 -0.114685  0.860962
gyro:  -17.600403  5.136566 34.826965
accel:  0.257690 -0.260559  0.923218
gyro:  -31.320343 -1.330872 27.305298
accel: -0.144714 -0.279907  0.934387
gyro:  -78.588715 12.643280  4.082336
accel:  0.542480  0.081787  0.925354
gyro:  -49.077759 54.378815 47.657166
accel:  0.413391 -0.249023  1.009521
gyro:  -95.269470 29.324036 20.172424
accel:  0.573730 -0.151001  1.185242
gyro:  -11.544189 -3.686066 -13.091888
accel:  0.043762 -0.286926  0.730103
gyro:  -83.837433 89.938507 -30.251160
accel:  0.082153  0.162048  0.762939
gyro:  -48.629150 89.721680 17.129364
accel:  0.723938  0.185852  0.698242
gyro:  72.816620 108.009949 -72.225952
accel:  0.371033  0.195435  0.739014
gyro:  -87.792664 80.039215 -32.142792
accel:  1.016357  0.257812  1.424438
gyro:  -170.747833 137.304077 59.283600
accel:  1.615784  0.056885  1.696838
gyro:  -124.301910 148.982849 92.338562
accel:  0.941772 -0.089905  0.946472
gyro:  -34.752197 144.227600 117.789612
accel:  0.540833  0.015869  0.081482
gyro:  -30.355835 77.399902 58.393860
accel:  0.270874  0.307922  0.064392
gyro:  -7.611389 51.477814 -8.568420
accel:  0.241089  0.547424 -0.481873
gyro:   7.155304 -47.956238 -161.386871
accel: -0.455383  0.878784 -0.344116
gyro:  61.863098 -51.462860 -239.758759
accel: -1.114014  0.450500  0.495361
gyro:  78.013000 -76.756897 -239.758759
accel: -0.913696 -1.197632 -0.374756
gyro:  229.358521 21.802368 -239.758759
accel: -0.298401  1.823730 -0.046753
gyro:   1.929016 -16.164856 -137.932129
accel:  0.525024  1.823730  0.079773
gyro:  -22.250977 33.989563 33.540955
accel:  0.733459  1.823730  0.222534
gyro:  -65.399628 93.332977 -241.156921
accel:  0.562561  1.823730  0.164490
gyro:  -90.005798 40.180359 -239.796143
accel:  0.134521 -1.999023 -0.383545
gyro:  -74.394226 18.998566 -239.796143
accel: -0.117615 -0.997437 -0.240723
gyro:  -44.083252 50.131989 242.899017
accel: -0.056213 -0.126953 -0.058716
gyro:  -20.830383 17.054596 172.235718
accel:  0.078308  0.533142  0.033203
gyro:   1.697235 17.032166 26.707153
accel: -0.132324  0.649353 -0.206604
gyro:  129.079590 205.986023 -239.758759
accel: -1.445374  1.451904  0.221558
gyro:  -25.675354 11.267548 -239.758759
accel: -0.327454 -0.557434  0.369263
gyro:  33.780212 12.232056 -239.758759
accel: -0.910645 -1.821899 -0.164978
gyro:   8.411407 -5.951538 -185.350037
accel:  0.274231  1.823730 -0.397217
gyro:  -65.466919 159.629822 -149.162292
accel:  1.279785 -0.938904  0.231628
gyro:  -87.762756 28.823090 -239.796143
accel:  0.689331  1.823730 -0.243958
gyro:  -6.721649 26.251068 -239.796143
accel:  0.126221  1.823730 -0.472168
gyro:  -2.504730 -36.449432 -239.796143
accel: -0.052368 -1.364746 -0.348511
gyro:  -13.047028 -25.174408 -239.796143
accel:  0.012817 -0.264893 -0.243347
gyro:  -16.815338 -7.394562 184.049072
accel: -0.024170  0.468262  0.090820
gyro:  -25.742645 35.858765 -8.590851
accel: -0.154541  1.006775  0.190796
gyro:  -11.835785 26.565094 -187.712708
accel: -0.354187  0.883606 -0.027588
gyro:  16.105042 37.623291 -239.758759
accel: -0.698242 -0.437500 -0.288391
gyro:  97.594757 -3.043060 -239.758759
accel: -0.152588  1.823730 -0.748230
gyro:  12.306824 16.905060 -162.994385
accel:  0.718933 -1.969543 -0.257751
gyro:  -5.570221 30.505371 14.916229
accel:  1.013367  1.823730 -0.022949
gyro:  -38.288727 36.853180 190.097809
accel:  0.775208  1.823730 -0.065674
gyro:  -18.826599 35.469971 -239.796143
accel:  0.348694  1.945862 -0.391479
gyro:  -55.634918 -13.906860 -239.796143
accel: -0.020935 -1.134460 -0.265747
gyro:  -30.722198  1.779480 -239.796143
accel: -0.036926 -0.327026 -0.128357
gyro:  -19.843445 10.639496 174.306793
accel: -0.080688  0.701660  0.064514
gyro:  -26.632385 59.104156 -7.334747
accel: -0.142822  0.812317  0.112549
gyro:  -12.927399 80.338287 -235.579224
accel: -0.355652  0.493835 -0.014526
gyro:  -7.865601 32.942810 -239.758759
accel: -0.818359 -0.541931 -0.580200
gyro:  28.411865 39.881287 -239.758759
accel: -0.495972  1.823730 -0.924316
gyro:  -16.733093 91.747894 -66.109924
accel:  1.068115  1.823730 -1.112183
gyro:  -2.437439 42.475739 84.345856
accel:  1.205627  1.823730 -0.393188
gyro:  -49.354401 -31.955872 210.756226
accel:  0.645264  1.823730 -0.528870
gyro:  -32.471771 -25.204315 -239.796143
accel: -0.215271 -1.687256 -0.509644
gyro:  -35.933533 -72.039032 -239.796143
accel: -0.118530 -0.621826 -0.435242
gyro:  -37.339172 -59.896698 -242.876587
accel:  0.052429 -0.166504 -0.011963
gyro:  -58.483582 -4.396362 123.314972
accel: -0.100281  0.852722  0.033508
gyro:  57.451782 35.619507 -165.416870
accel: -0.417114  1.182373  0.115479
gyro:  46.632843 86.820679 -239.758759
accel: -0.543030  0.087830 -0.348511
gyro:  16.067657  7.334747 -239.758759
accel: -1.062500  1.831604 -0.354797
gyro:  10.811462 -99.456482 -105.901489
accel:  0.461670  1.823730  0.083618
gyro:  -79.889679 69.519348 24.441681
accel:  1.015686 -1.477966  0.458008
gyro:  -71.657715 27.133331 112.817535
accel:  1.139282  1.823730  0.140564
gyro:  -56.644287 53.309631 243.654175
accel:  0.565552  1.823730  0.131592
gyro:  -92.241364 33.623199 -239.796143
accel:  0.163635 -1.788452 -0.109741
gyro:  -105.161285 -15.843353 -239.796143
accel: -0.151428 -0.458069 -0.387634
gyro:  -60.569611  4.097290 203.137360
accel: -0.124817  0.203369  0.002625
gyro:  -6.602020 44.187927 64.547272
accel: -0.316528  1.097961  0.142761
gyro:  57.534027 65.414581 -216.565704
accel: -0.543274  0.708069 -0.105896
gyro:  114.597015 85.773926 -239.758759
accel: -0.996521 -0.043213 -0.477234
gyro:  229.358521 123.569183 -239.758759
accel: -0.931335  1.823730 -0.445618
gyro:  10.736694 -4.007568 -100.226593
accel:  0.460876  1.823730 -0.520508
gyro:  -27.223053 -1.480408 36.890564
accel:  0.987732  1.823730 -0.258911
gyro:  -64.240723 -5.308533 168.056183
accel:  0.655640  1.823730 -0.209534
gyro:  -88.278656 -15.050812 -239.945679
accel: -0.019714 -1.980042 -0.422485
gyro:  -112.974548 -28.531494 -239.796143
accel: -0.287354 -0.874512 -0.332764
gyro:  -69.474487 -38.602753 209.111328
accel:  0.075012 -0.288696 -0.108276
gyro:  -73.683929 -37.204590 173.267517
accel:  0.064819  0.316284  0.224976
gyro:  -18.639679 32.411957 -46.214142
accel: -0.128967  1.009094  0.529114
gyro:  86.155243 66.102448 -189.095917
accel: -0.265869  0.474060 -0.017822
gyro:  162.313995 147.412720 -239.758759
accel: -0.808899 -1.571045 -0.787231
gyro:  169.102936 29.481049 -239.758759
accel: -0.671814  1.823730 -0.827271
gyro:  78.356934 130.963745 -35.021362
accel:  0.214050  1.823730 -0.666626
gyro:  -12.306824 40.180359  7.506714
accel:  0.451782 -1.756531 -0.485840
gyro:  -34.206390 -28.486633 62.521057
accel:  0.476501 -1.916260 -0.472900
gyro:  -86.424408 -51.126404 166.942139
accel:  0.386475  1.966553 -0.624023
gyro:  -104.772491 -61.227570 211.556244
accel:  0.276001 -1.521118 -0.395874
gyro:  -114.641876 -59.163971 215.758209
accel:  0.272522 -1.038391 -0.261719
gyro:  -111.897888 -15.641479 185.551910
accel:  0.271362 -0.392944  0.019653
gyro:  -62.364044 -9.734802 142.306061
accel:  0.569702  0.135498  0.332214
gyro:  -23.103333 61.586456 -0.343933
accel:  0.089905  0.357361  0.342957
gyro:  65.354767 145.767822 -74.700775
accel: -0.087158  0.636780  0.132385
gyro:  37.197113 121.864471 -239.758759
accel: -0.555481  0.265076 -0.358398
gyro:  -129.012299 92.286224 -239.758759
accel:  0.534912  1.823730  0.386047
gyro:  22.422943 30.722198 -117.505493
accel:  1.054443  1.823730 -0.200317
gyro:  29.443665 -26.572571 -40.539246
accel:  1.405029  1.823730 -0.210144
gyro:   7.416992 -66.992188 -239.796143
accel:  0.375183  1.823730 -0.200439
gyro:  29.675446 -51.044159 -239.796143
accel: -0.106201 -1.464966  0.304993
gyro:  26.512756 -74.992371 -239.796143
accel:  0.039001 -0.716919  0.016052
gyro:  -71.545563 -16.501312 -239.833527
accel: -0.069092  0.403992  0.166687
gyro:  24.793091 103.598633 87.800140
accel:  0.008789  0.859131 -0.131409
gyro:  -68.255768 15.379791 -76.555023
accel: -0.302307  0.929382 -0.362671
gyro:  16.097565 -41.571045 -239.758759
accel: -0.717773  0.185730  0.276672
gyro:  113.983917 106.432343 -239.758759
accel: -0.563782 -1.258362 -0.156494
gyro:  198.344727 -229.866943 -239.758759
accel: -0.065369  1.823730 -0.864136
gyro:  -3.065491  0.665436 76.809235
accel: -0.980530 -1.152588  1.063293
gyro:   1.674805 66.977234 -74.379272
accel:  0.354065  1.823730 -1.148254
gyro:  -55.776978 -229.829559 178.060150
accel: -0.118042 -1.607910 -0.810120
gyro:   1.996307 -141.625671 -239.796143
accel: -0.001770 -1.484863 -0.464783
gyro:  -50.303955 -87.456207 -239.796143
accel: -0.108887 -0.964355  0.090088
gyro:  -79.770050 -61.982727 223.803253
accel: -0.108337  0.416504 -0.059814
gyro:  -39.739227 20.194855 47.223511
accel: -0.001282  1.038391  0.198364
gyro:  -29.002533 37.810211 -135.524597
accel: -0.178467  0.804749 -0.099304
gyro:  29.996948 14.998474 -239.758759
accel: -0.429993 -0.028870  0.118286
gyro:  23.694000 47.515106 -239.758759
accel:  0.214905  1.823730  0.892761
gyro:  -43.223419 -20.695801 -146.941681
accel:  0.912720  1.823730 -0.698975
gyro:  60.674286 68.711853 -19.252777
accel:  0.728455 -1.312317  0.037781
gyro:  10.280609 58.513489 -63.941650
accel:  0.570984 -1.517090 -0.042847
gyro:   7.230072 -8.194580 142.672424
accel:  0.553955  1.823730 -0.795715
gyro:  21.308899 -54.079742 -239.796143
accel:  0.222595 -1.607178 -0.169861
gyro:  -39.978485 -57.429352 -242.413025
accel:  0.081726 -0.438965  0.137817
gyro:  -50.184326 -25.406189 154.171753
accel:  0.126343  0.085632 -0.260193
gyro:  -111.053009 -127.330017 69.145508
accel:  0.346008  0.000732 -0.382568
gyro:  -93.131104 -217.814331 48.711395
accel:  0.545471 -0.041138  0.242615
gyro:  -37.615814 -229.829559 70.065155
accel:  0.432617  0.008362  0.966187
gyro:  95.426483 -27.933350 36.987762
accel:  0.844116 -0.356262  0.502380
gyro:  128.900146 -79.755096 19.020996
accel: -0.266968  1.823242 -1.982544
gyro:  18.654633 -18.004150 -2.168274
accel:  0.244080  0.214844  1.336914
gyro:  99.194794 -23.036041 75.560608
accel:  0.073425 -0.543091  1.089600
gyro:  39.679413 15.865784 39.619598
accel:  0.033691 -0.267395  1.172546
gyro:  35.941010  7.319794  5.286102
accel: -0.020569 -0.483521  1.134827
gyro:  37.630768 11.177826 20.591125
accel: -0.004700 -0.481995  0.998962
gyro:   2.557068 59.291077 -3.229980
accel:  0.075745 -0.543457  0.972107
gyro:  -8.217010 15.447083  3.887939
accel:  0.168701 -0.515686  0.941162
gyro:  -4.904785 -7.910461  0.545807
accel:  0.129333 -0.543823  0.990967
gyro:  -15.671387 38.079376 -9.832001
accel:  0.146545 -0.555786  0.942505
gyro:  -30.228729 61.930389 -5.181427
accel:  0.277954 -0.587891  0.924927
gyro:  -8.934784  2.639313  3.162689
accel:  0.211060 -0.549988  0.930298
gyro:  -14.131165  3.932800 -1.876678
accel:  0.180542 -0.536987  0.872498
gyro:  -18.363037 32.299805  7.529144
accel:  0.204651 -0.520325  0.886475
gyro:  -10.123596 25.555725 11.940460
accel:  0.201477 -0.545105  0.911133
gyro:  -1.891632 14.295654 10.721741
accel:  0.199951 -0.527954  0.880859
gyro:  -5.959015 18.475189 12.075043
accel:  0.197449 -0.529175  0.927673
gyro:   0.059814 19.536896 11.222687
accel:  0.198975 -0.521545  0.893921
gyro:  -2.691650 12.568512 16.060181
accel:  0.188416 -0.524048  0.942078
gyro:  -7.835693 17.622833 12.890015
accel:  0.197205 -0.533997  0.942261
gyro:  -4.732819 20.658417  5.001984
accel:  0.205139 -0.536438  0.882507
gyro:  -3.521576 18.916321 12.351685
accel:  0.222961 -0.556335  0.906921
gyro:  -6.175842 17.869568 11.118011
accel:  0.224304 -0.547668  0.919067
gyro:  -6.945953 18.751831  5.458069
accel:  0.218994 -0.556702  0.919067
gyro:  -8.830109 17.615356  8.448792
accel:  0.225098 -0.558716  0.908142
gyro:  -11.484375 15.678864  8.381500
accel:  0.214172 -0.551331  0.889832
gyro:  -7.334747 13.316193  9.069366
accel:  0.216370 -0.558411  0.913574
gyro:  -8.045044 17.884521  7.820740
accel:  0.208740 -0.546570  0.914307
gyro:  -7.536621 17.854614  9.316101
accel:  0.204529 -0.557495  0.912231
gyro:  -9.024506 16.269531 10.856323
accel:  0.220520 -0.562317  0.894104
gyro:  -3.020630 16.822815  8.860016
accel:  0.226868 -0.580200  0.895630
gyro:  -7.185211 17.196655 11.768494
accel:  0.215088 -0.592102  0.924866
gyro:  -7.835693 17.234039 11.641388
accel:  0.224243 -0.568481  0.879089
gyro:  -6.093597 17.563019 10.377808