accel: -0.220398  0.727051  0.174805
gyro:  -12.052612 13.121796 11.895599
accel: -0.214233  0.687317  0.162903
gyro:  -9.532928 20.658417  4.456177
accel: -0.247620  0.711243  0.158997
gyro:  -8.680573 18.191071  8.202057
accel: -0.247314  0.687927  0.159302
gyro:  -8.112335 18.228455  8.396454
accel: -0.253723  0.704468  0.151184
gyro:  -9.921722 16.172333 11.491852
accel: -0.245422  0.694763  0.165405
gyro:  -9.532928 18.557434 12.396545
accel: -0.238586  0.680969  0.156555
gyro:  -9.488068 21.077118 15.738678
accel: -0.254639  0.695557  0.155640
gyro:  -9.914246 19.394836 13.039551
accel: -0.271790  0.687561  0.149414
gyro:  -9.697418 22.729492 11.432037
accel: -0.270996  0.716675  0.157166
gyro:  -8.747864 13.159180  6.863708
accel: -0.262756  0.675964  0.171143
gyro:  -8.202057 19.559326  5.099182
accel: -0.274292  0.690002  0.156860
gyro:  -9.652557 15.334930  9.286194
accel: -0.297058  0.676392  0.147217
gyro:  -7.850647 16.321869  6.938477
accel: -0.270386  0.665833  0.163757
gyro:  -4.844971 16.172333  8.889923
accel: -0.284363  0.715332  0.155151
gyro:  -7.932892 12.194672  7.536621
accel: -0.265991  0.690857  0.145630
gyro:  -7.088013 16.501312  9.039459
accel: -0.270630  0.696533  0.160278
gyro:  -9.936676 15.903168 12.762909
accel: -0.283264  0.675720  0.164185
gyro:  -8.104858 12.605896  9.951630
accel: -0.270325  0.670349  0.151917
gyro:  -10.101166 16.538696  7.469330
accel: -0.295593  0.733276  0.137085
gyro:  -20.067749 15.761108 12.904968
accel: -0.266602  0.694031  0.162903
gyro:  -18.437805 20.531311  9.719849
accel: -0.260010  0.667542  0.163086
gyro:  -16.179810 19.873352  5.846863
accel: -0.265137  0.671509  0.135925
gyro:  -13.615265 26.722107 12.404022
accel: -0.275085  0.641479  0.130127
gyro:  -12.247009 33.368988 20.217285
accel: -0.326843  0.636414  0.126526
gyro:  -11.005859 32.344666 25.540771
accel: -0.387207  0.670532  0.126465
gyro:  -10.332947 20.247192  7.581482
accel: -0.358704  0.661682  0.141968
gyro:  -15.110626 23.783722 12.882538
accel: -0.321472  0.623230  0.179565
gyro:  -4.201965 24.935150 20.703278
accel: -0.341309  0.637939  0.150513
gyro:  -1.906586 19.095764  9.308624
accel: -0.346313  0.677612  0.119507
gyro:  -5.031891 18.385468  7.357178
accel: -0.328369  0.692810  0.115784
gyro:  -9.637604 17.368622  8.800201
accel: -0.352356  0.689392  0.124878
gyro:  -16.396637 12.448883 -2.340240
accel: -0.335449  0.655090  0.133057
gyro:  -15.776062 19.746246 16.082611
accel: -0.350586  0.662292  0.140076
gyro:  -14.804077 16.366730  9.188995
accel: -0.361023  0.653076  0.145447
gyro:  -15.686340 14.482574  9.271240
accel: -0.325623  0.646057  0.152283
gyro:  -10.691833 14.131165  9.712372
accel: -0.327026  0.626221  0.123047
gyro:  -7.431946 18.834076  3.065491
accel: -0.305115  0.671631  0.114807
gyro:  -11.237640 24.112701 12.374115
accel: -0.322021  0.673218  0.110596
gyro:  -13.622742 23.880920 11.940460
accel: -0.343567  0.652283  0.118164
gyro:  -12.127380 21.959381 11.319885
accel: -0.359497  0.637268  0.097290
gyro:  -8.934784 21.039734 12.747955
accel: -0.368408  0.628540  0.101196
gyro:  -8.052521 17.734985  7.813263
accel: -0.389893  0.659729  0.115662
gyro:  -9.263763 13.129272  6.101074
accel: -0.373840  0.666931  0.111511
gyro:  -8.613281 14.505005 10.220795
accel: -0.340698  0.607666  0.097229
gyro:  -4.942169 17.652740  3.499146
accel: -0.370239  0.672974  0.110352
gyro:  -10.766602 16.022797  7.461853
accel: -0.368103  0.696106  0.118958
gyro:  -12.097473 13.159180 10.422668
accel: -0.327026  0.619263  0.112000
gyro:  -7.992706 22.101440  4.807587
accel: -0.369995  0.632324  0.106079
gyro:  -8.710480 17.742462 -2.586975
accel: -0.358643  0.697754  0.100464
gyro:  -20.419159 20.209808  0.650482
accel: -0.313110  0.705200  0.135864
gyro:  -19.791107 22.415466 19.020996
accel: -0.335510  0.606873  0.125183
gyro:  -9.495544 16.718140 10.355377
accel: -0.339966  0.606506  0.100891
gyro:  -11.461945 25.256653  9.906769
accel: -0.340271  0.624390  0.104065
gyro:  -7.783356 32.023163 24.852905
accel: -0.379272  0.645325  0.087952
gyro:  -4.441223 15.656433  6.759033
accel: -0.406311  0.689270  0.075012
gyro:  -9.106750 14.205933 -1.600037
accel: -0.356812  0.673523  0.109680
gyro:  -10.108643 15.327454  6.661835
accel: -0.370789  0.664001  0.115051
gyro:  -11.140442  6.445007 -16.119995
accel: -0.340942  0.661560  0.114807
gyro:  -10.355377 10.609589 -11.461945
accel: -0.305664  0.686890  0.113159
gyro:  -1.801910  2.871094 -42.625275
accel: -0.258362  0.737183  0.088562
gyro:  26.624908 27.895966 -83.194427
accel: -0.119812  0.714050  0.101990
gyro:  27.746429 41.802826 -101.273346
accel: -0.071777  0.887512  0.152893
gyro:  -7.910461 32.860565 -42.445831
accel:  0.073242  0.851257  0.195679
gyro:  26.333313 -15.237732 -7.656250
accel:  0.193665  0.826904  0.219482
gyro:  -19.791107 -22.265930 -51.485291
accel:  0.206360  0.707764  0.178467
gyro:  -36.920471 -55.859222 -21.144409
accel:  0.185364  0.874756  0.103149
gyro:  97.938690 -79.740143 -72.525024
accel:  0.885803  0.364075 -0.046265
gyro:  87.575836 44.113159 -32.165222
accel:  0.375671  0.558472  0.618042
gyro:  135.771332 59.567719 21.652832
accel:  0.527405  0.351379  0.258545
gyro:  86.940308 -95.321808 -13.645172
accel:  0.328369  0.427490  0.670654
gyro:  74.035339 -42.909393 -28.703461
accel:  0.230347  0.305359  1.031433
gyro:  114.342804 -23.163147 -24.464111
accel:  0.200012  0.188293  1.103394
gyro:  100.839691  7.446899 42.326202
accel:  0.229919 -0.081055  1.068359
gyro:  26.026764 20.942535 27.080994
accel:  0.197693 -0.007446  0.921204
gyro:  14.654541 46.072083 27.843628
accel:  0.265320 -0.129395  0.871094
gyro:   2.826233 46.064606 33.099823
accel:  0.345398 -0.269653  0.833496
gyro:  11.985321  3.469238 24.097748
accel:  0.348206 -0.258423  0.805603
gyro:  -1.861725 25.009918 24.606171
accel:  0.304871 -0.210815  1.098328
gyro:  -96.248932 21.966858 21.234131
accel:  0.269409 -0.499268  0.878479
gyro:  -7.738495 15.701294 65.122986
accel:  0.208313 -0.206848  0.975525
gyro:  -6.564636 33.615723 -32.875519
accel:  0.405273  0.102600  0.820862
gyro:  -13.847046 30.221252 -11.977844
accel:  0.239380 -0.052734  1.324646
gyro:  32.890472  1.099091  8.411407
accel:  0.359741 -0.090149  0.787109
gyro:  -32.591400 23.080902 13.361053
accel:  0.271912 -0.242676  0.989563
gyro:   6.602020  5.891724 -11.147919
accel:  0.246216 -0.195251  1.250305
gyro:  10.280609 25.174408 12.501221
accel:  0.347839 -0.196777  0.853943
gyro:  -66.625824 32.509155 13.204041
accel:  0.282166 -0.244019  0.902039
gyro:  16.650848 26.774445 -16.284485
accel:  0.420654  0.015625  0.891357
gyro:  -13.316193 -45.257111 29.361420
accel:  0.149353 -0.047363  0.986877
gyro:  -35.006409 23.701477  2.519684
accel:  0.242188 -0.138245  0.964905
gyro:  -26.699677 65.279999 -34.916687
accel:  0.247742  0.039062  0.957092
gyro:   9.293671 30.094147 -27.320251
accel:  0.419678  0.064758  0.829285
gyro:  -23.544464 -1.143951 -24.030457
accel:  0.273560  0.018372  0.924255
gyro:  -10.168457  9.263763 21.989288
accel:  0.292725  0.121582  0.953796
gyro:  -20.763092 36.180267 18.153687
accel:  0.307922  0.102234  0.901794
gyro:  -2.175751 23.342590  7.551575
accel:  0.357788  0.060913  0.915100
gyro:  -6.392670 17.914429  8.628235
accel:  0.338440  0.042542  0.921509
gyro:  -2.930908 11.409607 12.613373
accel:  0.304199  0.058044  0.934326
gyro:  -10.407715 12.448883  7.977753
accel:  0.339233  0.042603  0.902832
gyro:  -1.824341 18.026581  4.673004
accel:  0.321960  0.025696  0.975037
gyro:  -6.280518 14.602203  4.471130
accel:  0.316956  0.070862  0.930847
gyro:   6.833801 29.241791 15.125580
accel:  0.334961 -0.000854  0.979370
gyro:  27.686615  5.458069  1.816864
accel:  0.354736  0.031372  0.951355
gyro:  -5.338440 30.796967  1.308441
accel:  0.307556 -0.078796  0.989380
gyro:   1.099091 26.452942  6.332855
accel:  0.374390 -0.049316  0.898499
gyro:  -9.996490 20.127563  7.783356
accel:  0.360901 -0.097534  0.956055
gyro:   5.353394 24.120178 16.927490
accel:  0.352905 -0.031982  0.950745
gyro:  60.292969 42.288818 26.991272
accel:  0.377441 -0.179321  0.781067
gyro:  37.653198 71.754913 72.315674
accel:  0.363220 -0.148376  0.785095
gyro:  22.236023 -50.176849 -38.550415
accel:  0.313171 -0.160950  1.012695
gyro:  100.009766 -34.004517 -18.804169
accel:  0.697083 -0.500916  1.235291
gyro:  116.952209 -64.651947 23.215485
accel:  0.275085 -1.008484  0.746277
gyro:  -40.554199 -68.472595  5.001984
accel:  0.029419 -0.569153  1.171265
gyro:  -160.063477 81.557007 -9.241333
accel:  0.092712 -0.704956  1.087463
gyro:  -12.620850 125.969238 13.106842
accel:  0.389587 -0.279846  0.936768
gyro:   5.540314 -23.806152 162.179413
accel:  0.078979  0.063660  0.884521
gyro:  -26.423035 -95.770416 -44.987946
accel:  0.440674 -0.579712  1.219727
gyro:  23.686523 103.217316  1.682281
accel:  0.235657 -0.271667  0.859497
gyro:  -38.116760 -45.047760 -52.741394
accel:  0.009277 -0.225830  1.044067
gyro:  -1.158905 156.781158 64.248199
accel:  0.158325 -0.307007  1.005676
gyro:  -33.720398 34.640045  3.409424
acc38 25.488434
accel:  0.416626  0.025513  0.848145
gyro:   1.151428 -3.850555 51.350708
accel:  0.302002 -0.017639  0.882019
gyro:  44.457092 70.633392 40.457001
accel:  0.351990 -0.157288  0.900330
gyro:  26.811829 26.968842 -55.470428
accel:  0.404480 -0.204834  0.933777
gyro:  228.842621 -24.434204 20.800476
accel:  0.443726 -0.345398  0.897217
gyro:  113.931580 94.611511 -88.413239
accel:  0.141052 -0.772522  0.942078
gyro:  118.103638 144.451904 -69.302521
accel:  0.409058 -1.053162  0.415100
gyro:  63.336029 36.935425 -126.724396
accel:  0.362488 -0.911926  0.160889
gyro:  -43.754272 -22.490234 -47.888947
accel:  0.188782 -1.301941  0.278564
gyro:  56.943359 -33.309174 -82.618713
accel:  0.189819 -1.398132  0.578735
gyro:  31.664276 -18.482666 53.683472
accel:  0.323547 -1.834534  0.773621
gyro:   4.246826 59.919128 94.633942
accel:  0.367554 -1.966919  0.649536
gyro:  -53.586273 51.298370 112.122192
accel:  0.265991 -1.678345  0.495789
gyro:   3.940277 80.674744 159.577484
accel:  0.023071 -1.423218  0.225525
gyro:  -13.376007 78.603668 167.069244
accel:  0.302673 -1.188538  0.127075
gyro:  -56.958313 44.554291 202.853241
accel:  0.608154 -0.997375  0.113770
gyro:  -89.160919 22.849121 194.576416
accel:  0.750977 -0.571716  0.068542
gyro:  -81.071014 46.737518 176.549835
accel:  0.720947 -0.150024  0.143555
gyro:  -59.021912 53.675995 125.042114
accel:  0.763733  0.059692  0.099731
gyro:  -48.958130 16.321869 75.089569
accel:  0.786438  0.274597  0.087891
gyro:  -48.539429 50.812378 94.237671
accel:  0.980713  0.196228 -0.031250
gyro:  -27.791290 60.801392 111.568909
accel:  0.898560  0.336914 -0.049988
gyro:  -33.518524 50.498352 78.992462
accel:  0.494507  0.538818 -0.083252
gyro:  -15.148010 57.391968 53.982544
accel:  0.384766  0.735962 -0.146729
gyro:  -32.277374 53.578796 23.746338
accel:  0.404663  0.846252 -0.270264
gyro:  -28.725891 38.146667 -5.869293
accel:  0.574463  0.809814 -0.422729
gyro:  -16.568604  5.241241 -32.015686
accel:  0.787781  0.584290 -0.337463
gyro:  -14.669495 -0.299072 -3.289795
accel:  0.945251  0.436707 -0.257690
gyro:  -11.790924  8.508606  8.000183
accel:  0.906677  0.501953 -0.246948
gyro:  -12.239532 20.336914 19.895782
accel:  0.786011  0.570740 -0.247925
gyro:  -10.325470 23.963165 15.708771
accel:  0.595764  0.813171 -0.211487
gyro:  -4.246826 58.274231 -71.777344
accel:  0.419739  1.225281 -0.259094
gyro:   4.957123 14.819031 -238.584900
accel:  0.635803  0.475769 -0.503601
gyro:  -36.135406 -23.073425 44.187927
accel:  1.279297 -1.865967  0.129761
gyro:   7.775879 30.684814 210.988007
accel:  0.961121  0.089539 -0.282227
gyro:  -15.933075 14.572296 178.890076
accel:  0.336060  1.823242 -0.213684
gyro:   3.977661 46.774902 -239.758759
accel:  0.284668  1.501587 -0.336487
gyro:  -76.024170 -48.322601 30.647430
accel:  1.284302  1.823730  0.100647
gyro:  27.918396 40.404663 233.156738
accel:  0.742676  0.652100 -0.387939
gyro:  -14.923706 50.236664 -63.747253
accel: -0.173157  1.823242 -0.483276
gyro:  -9.517975 -41.032715 -239.758759
accel:  0.498291 -0.805542 -0.344482
gyro:  28.284760 109.550171 -240.334473
accel:  0.923279 -0.141235 -0.053589
gyro:  -14.751740  4.388885 79.493408
accel:  0.616394  1.518005 -0.184753
gyro:  -51.388092  5.076752 -188.146362
accel:  0.464905  1.551208 -0.611755
gyro:  -115.240021 -64.046326 46.842194
accel:  1.318115 -1.987793  0.558838
gyro:  -18.333130 76.697083 142.896729
accel:  0.707153  1.418640 -0.477478
gyro:  -33.623199 -28.778229 -198.426971
accel:  0.529663  1.254700 -0.579102
gyro:  -76.936340 -5.428162 156.983032
accel:  1.034241 -1.693542  0.615051
gyro:  31.193237 94.880676 228.012695
accel:  0.560303  1.597107 -0.376099
gyro:  -34.116669 -34.707336 -238.764343
accel:  0.321960  1.490540 -0.591370
gyro:  -60.681763 -72.106323 -67.493134
accel:  1.313721  1.823730 -0.084106
gyro:  61.145325 96.712494 -243.220520
accel:  0.788025  0.899536 -0.116699
gyro:  -10.968475 -1.009369 -150.470734
accel:  0.384216  1.823242 -0.684570
gyro:  -91.172180 -72.861481 -37.189636
accel:  1.318054  1.823730  0.409363
gyro:  -11.417084 99.598541 175.592804
accel:  0.714783  1.207031 -0.409302
gyro:  -20.090179 -9.719849 -143.547211
accel:  0.523987  1.823242 -0.668884
gyro:  -36.142883 45.212250 101.407928
accel:  1.118347  1.996521  0.622070
gyro:  -9.562836 67.029572 144.055634
accel:  0.638550  1.327454 -0.586853
gyro:  -27.312775 -37.227020 -187.099609
accel:  0.583862  1.206482 -0.543396
gyro:  -68.233337 -35.664368 52.718964
accel:  1.163391  1.926392  0.503967
gyro:  -25.092163 67.934265 155.368042
accel:  0.574829  1.667969 -0.582336
gyro:  -5.099182 -30.258636 -130.156250
accel:  0.702942  0.959900 -0.285156
gyro:  -7.775879  8.074951 -14.729309
accel:  1.007446 -0.233398 -0.022705
gyro:   4.523468 40.135498 56.995697
accel:  0.996155  0.213623 -0.186401
gyro:  -4.927216 30.520325 32.434387
accel:  0.968323  0.489807 -0.236267
gyro:  -10.916138 28.374481 33.840027
accel:  0.933655  0.539795 -0.283630
gyro:  -8.740387 21.196747  7.731018
accel:  0.874817  0.462891 -0.292297
gyro:  -8.493652 12.082520  3.372040
accel:  0.839172  0.497742 -0.276733
gyro:  -7.282410 10.587158 -4.082336
accel:  0.857910  0.473633 -0.256714
gyro:  -2.078552 10.931091 -11.506805
accel:  0.891052  0.498962 -0.241394
gyro:  -5.734711  6.003876 -25.137024
accel:  0.913513  0.418518 -0.284668
gyro:  -10.258179 -6.624451 -29.451141
accel:  0.913330  0.320923 -0.185547
gyro:  -3.222504  9.742279 -26.677246
accel:  0.894348  0.276611 -0.208252
gyro:  -7.304840  8.306732 -26.168823
accel:  0.960144  0.243958 -0.173767
gyro:  -6.699219  7.424469 -39.933624
accel:  0.885071  0.169006 -0.128784
gyro:  -13.742371 -0.388794 -58.468628
accel:  0.613892  0.107727 -0.118286
gyro:  -27.230530 -15.058289 -72.861481
accel:  0.482666 -0.153564 -0.116272
gyro:  -37.002716 -16.755524 -86.132812
accel:  0.599670 -0.240234 -0.037659
gyro:  21.383667 -7.102966 -180.811615
accel:  0.783875 -0.430969 -0.073608
gyro:  18.258362 -91.052551 -239.758759
accel:  0.946533 -1.317871  0.324341
gyro:  24.284668 -31.522217 -212.924500
accel:  0.960632 -1.771484  0.135742
gyro:  45.526276  9.839478 -120.556030
accel:  0.910217  1.915649  0.292664
gyro:  -9.338531 -27.372589  0.246735
accel:  1.094727  1.823730  0.539246
gyro:  -15.065765 52.419891 131.875916
accel:  0.941956  1.959839  0.249512
gyro:  -53.474121 30.273590 216.961975
accel:  0.689941 -1.574585  0.090942
gyro:   6.459961 14.101257 175.488129
accel:  0.471375 -1.082275  0.127686
gyro:   7.865601 -0.545807 145.139771
accel:  0.545837 -0.964600 -0.009705
gyro:  -48.890839 12.022705 186.546326
accel:  0.550415 -0.451904  0.172974
gyro:  -50.274048 59.186401 173.910522
accel:  0.602539 -0.166016  0.158508
gyro:  -48.636627 60.980835 166.628113
accel:  0.653198  0.217346 -0.103760
gyro:  -29.279175  7.618866 97.938690
accel:  0.579712  0.714294 -0.121033
gyro:  -9.428253 27.948303 32.905426
accel:  0.656799  0.531311 -0.011719
gyro:  -14.093781 31.768951 14.624634
accel:  0.700500  0.596924 -0.041443
gyro:  -5.757141 33.413849 -12.777863
accel:  0.621521  0.758118 -0.162476
gyro:  11.813354 44.472046 -87.037506
accel:  0.486328  0.696899 -0.210876
gyro:   4.082336  7.686157 -136.847992
accel:  0.367981  0.531250 -0.390076
gyro:  20.209808 -22.520142 -238.816681
accel:  0.159485 -0.153198  0.107666
gyro:  -6.325378 -6.691742 -216.565704
accel:  0.349182 -0.855652  0.009583
gyro:  38.124237 13.263855 -237.463379
accel:  0.265442 -1.376099  0.191711
gyro:  30.213776 -47.821655 -234.891357
accel:  0.091675 -1.571838  0.238098
gyro:  13.196564  2.198181 -201.903687
accel:  0.035095 -1.980713  0.025146
gyro:  21.720123 36.666260 -134.021759
accel:  0.091248  1.877319 -0.088013
gyro:   8.785248 28.202515 -17.204132
accel:  0.292969  1.823730 -0.188416
gyro:  -41.167297  5.615082 98.088226
accel:  0.186829  1.881714 -0.086731
gyro:  -37.690582  9.316101 150.994110
accel:  0.049988  1.903381 -0.061340
gyro:  -16.605988 33.294220 201.911163
accel:  0.094482 -1.847656  0.099731
gyro:  -17.077026 34.542847 215.489044
accel:  0.235657 -1.290100 -0.050476
gyro:  -27.178192 11.200256 200.632629
accel:  0.372375 -0.891113 -0.015137
gyro:  -40.105591 27.970734 189.252930
accel:  0.528870 -0.687073  0.089600
gyro:  -53.444214 16.830292 165.820618
accel:  0.651855 -0.225281  0.003967
gyro:  -43.627167 22.176208 133.475952
accel:  0.632629  0.064209 -0.044495
gyro:  -37.241974 21.039734 104.107056
accel:  0.672668  0.291077 -0.009766
gyro:  -16.777954 29.862366 75.276489
accel:  0.662659  0.525513 -0.057617
gyro:  -29.174500 26.789398 10.355377
accel:  0.589905  0.833130 -0.096130
gyro:  -6.198273 26.998749 -80.629883
accel:  0.534363  0.592651 -0.148560
gyro:  10.063782 15.723724 -129.602966
accel:  0.546021  0.239990 -0.208862
gyro:  22.445374  5.144043 -168.759003
accel:  0.519287 -0.188538 -0.148865
gyro:  31.327820 -13.032074 -190.987549
accel:  0.449463 -0.607178 -0.112122
gyro:  13.136749 -3.603821 -196.296082
accel:  0.387939 -1.039062  0.018311
gyro:  -36.785889  6.826324 -168.938446
accel:  0.395203 -1.343994  0.118225
gyro:  -6.931000 -11.409607 -201.440125
accel:  0.224304 -1.933960  0.103882
gyro:  19.155579 -1.749573 -151.554871
accel:  0.166626  1.823730  0.159912
gyro:  -3.828125 15.648956 -74.693298
accel:  0.458435  1.823730  0.460938
gyro:  -55.836792 54.274139 73.863373
accel:  0.106201 -1.530212 -0.052856
gyro:  -83.657990 -31.522217 64.779053
accel: -0.086243 -0.927429 -0.023315
gyro:  -194.957733 -100.166779 123.673859
accel: -0.147156 -0.967590  0.485168
gyro:  229.410858 -56.614380 -14.848938
accel:  0.046387 -1.153748  0.728638
gyro:  -55.163879 64.322968 -9.151611
accel:  0.133545 -0.867554  0.774780
gyro:  -87.471161 50.296478 -26.946411
accel:  0.263916 -0.700317  0.710571
gyro:  -18.923798 63.291168 23.731384
accel:  0.198242 -0.534668  0.674866
gyro:  -45.773010 -18.475189 -5.502930
accel:  0.261841 -0.536255  0.956604
gyro:  -45.713196 20.792999  9.144135
accel:  0.169250 -0.495728  0.948853
gyro:  -18.116302  7.252502 16.979828
accel:  0.219421 -0.477112  0.946228
gyro:  -12.538605 14.878845 17.136841
accel:  0.166077 -0.391113  1.017883
gyro:   0.014954 17.443390  9.637604
accel:  0.169556 -0.416016  0.875305
gyro:  -14.325562 15.282593 10.273132
accel:  0.174072 -0.439026  0.943359
gyro:  -9.637604  9.682465 12.718048
accel:  0.173157 -0.450256  0.958008
gyro:  -5.256195 18.579865  7.035675
accel:  0.155884 -0.448425  0.947815
gyro:  -8.142242 13.779755  9.577789
accel:  0.186401 -0.448425  0.955322
gyro:  -7.379608 19.222870  6.452484
accel:  0.152222 -0.445129  0.905884
gyro:  -0.777588 12.583466  5.861816
accel:  0.171326 -0.489624  0.910583
gyro:  -7.461853 15.170441 11.372223
accel:  0.173401 -0.505127  0.983643
gyro:  -9.159088 18.235931  9.734802
accel:  0.148315 -0.457764  0.928711
gyro:  -12.149811 15.596619  9.331055
accel:  0.172302 -0.479675  0.926453
gyro:  -9.435730 15.237732 12.097473
accel:  0.179199 -0.462769  0.956909
gyro:  -10.916138 14.729309 11.910553
accel:  0.148621 -0.437439  0.936829
gyro:  -4.433746 18.385468  7.058105
accel:  0.142334 -0.487183  0.936829
gyro:  -12.321777 16.994781  6.407623
accel:  0.168396 -0.482178  0.984192
gyro:  -11.925507 19.731293  8.523560
accel:  0.155945 -0.458740  0.911011
gyro:  -8.119812 15.334930  8.889923
accel:  0.157959 -0.492493  0.934021
gyro:  -6.684265 15.080719 11.080627
accel:  0.166931 -0.470154  0.960388
gyro:  -8.463745 16.725616  8.852539