accel:  0.118591 -0.483765  0.922913
gyro:  -8.710480 16.920013  9.054413
accel:  0.115173 -0.467834  0.925720
gyro:  -8.336639 18.467712  8.403931
accel:  0.133850 -0.488892  0.948730
gyro:  -9.031982 19.357452  7.820740
accel:  0.115906 -0.473022  0.925415
gyro:  -5.936584 18.437805  5.495453
accel:  0.131531 -0.478821  0.914795
gyro:  -7.633820 16.688232  6.452484
accel:  0.118042 -0.491882  0.947021
gyro:  -9.159088 19.103241  6.228180
accel:  0.124268 -0.476440  0.943787
gyro:  -8.202057 19.506989  6.153412
accel:  0.136230 -0.499023  0.924377
gyro:  -7.349701 15.723724  8.291779
accel:  0.140747 -0.489807  0.924133
gyro:  -8.381500 19.828491  8.067474
accel:  0.116760 -0.482422  0.936035
gyro:  -8.261871 18.123779  7.843170
accel:  0.126343 -0.494446  0.930908
gyro:  -7.977753 16.187286  8.321686
accel:  0.128418 -0.489014  0.938660
gyro:  -7.304840 19.140625  6.347809
accel:  0.109802 -0.492493  0.926819
gyro:  -10.056305 16.262054  7.416992
accel:  0.133789 -0.498779  0.937866
gyro:  -11.701202 17.226562  9.622650
accel:  0.128418 -0.490173  0.931946
gyro:  -10.953522 16.867676  9.532928
accel:  0.114380 -0.486572  0.933777
gyro:  -11.200256 15.985413  9.473114
accel:  0.118774 -0.489319  0.939148
gyro:  -10.078735 17.921906  8.157196
accel:  0.120056 -0.475952  0.927307
gyro:  -11.589050 15.768585  9.203949
accel:  0.124146 -0.484253  0.929565
gyro:  -11.065674 16.202240  8.815155
accel:  0.100891 -0.462769  0.943359
gyro:  -10.497437 18.998566  4.755249
accel:  0.103821 -0.457947  0.940186
gyro:  -9.682465 21.032257  2.848663
accel:  0.116394 -0.462585  0.927612
gyro:  -7.424469 19.649048  2.714081
accel:  0.120117 -0.478760  0.925293
gyro:  -8.396454 14.647064 10.661926
accel:  0.137512 -0.518738  0.942078
gyro:  -8.874969 16.807861 10.018921
accel:  0.118774 -0.490540  0.937378
gyro:  -9.832001 18.654633  9.607697
accel:  0.128784 -0.498596  0.937744
gyro:  -11.050720 18.804169 12.650757
accel:  0.123901 -0.464661  0.923523
gyro:  -8.710480 18.093872  9.532928
accel:  0.112915 -0.456360  0.916382
gyro:  -8.994598 15.551758 12.792816
accel:  0.132751 -0.480835  0.938477
gyro:  -12.411499 15.559235  7.768402
accel:  0.108459 -0.477112  0.964111
gyro:  -10.691833 18.295746  7.678680
accel:  0.130127 -0.488708  0.924500
gyro:  -9.488068 17.660217 11.394653
accel:  0.136597 -0.479187  0.917664
gyro:  -9.757233 15.962982 10.101166
accel:  0.109619 -0.458801  0.940125
gyro:  -10.587158 15.409698  9.405823
accel:  0.110474 -0.462646  0.952209
gyro:  -9.383392 16.815338  7.843170
accel:  0.112366 -0.445068  0.939087
gyro:  -8.269348 18.348083  7.334747
accel:  0.123535 -0.464111  0.929688
gyro:  -10.669403 17.510681 10.878754
accel:  0.122925 -0.483826  0.944031
gyro:  -9.398346 16.179810  9.114227
accel:  0.110535 -0.450073  0.928955
gyro:  -8.852539 16.979828  8.276825
accel:  0.114624 -0.487305  0.940430
gyro:  -8.620758 16.576080  9.682465
accel:  0.136047 -0.465271  0.944153
gyro:  -8.441315 15.992889 10.960999
accel:  0.112793 -0.470764  0.939880
gyro:  -11.252594 17.690125 13.293762
accel:  0.108765 -0.482361  0.943970
gyro:  -9.966583 16.538696 10.078735
accel:  0.109985 -0.468384  0.942505
gyro:  -10.198364 17.869568 10.863800
accel:  0.111816 -0.445618  0.926270
gyro:  -5.966492 20.576172  3.865509
accel:  0.102722 -0.474731  0.938599
gyro:  -9.779663 15.080719  9.959106
accel:  0.136475 -0.487000  0.946838
gyro:  -8.523560 17.600403 10.377808
accel:  0.120544 -0.443542  0.936890
gyro:  -6.736603 17.906952  8.583374
accel:  0.116699 -0.482239  0.928284
gyro:  -2.871094 14.841461  8.568420
accel:  0.102661 -0.487610  0.920105
gyro:  -7.947845 14.123688  8.605804
accel:  0.092102 -0.478333  0.946106
gyro:  -6.736603 18.377991  7.514191
accel:  0.095520 -0.515503  0.937317
gyro:  -3.416901 18.751831  3.461761
accel:  0.124756 -0.521179  0.894653
gyro:  -2.459869 13.592834 13.136749
accel:  0.028992 -0.452026  0.776367
gyro:  -6.886139  9.929199 -7.738495
accel:  0.062317 -0.442322  0.928894
gyro:  -4.471130 13.196564 -2.145844
accel:  0.116211 -0.499451  0.935120
gyro:  -1.390686 25.540771  7.760925
accel:  0.122986 -0.627380  0.936096
gyro:  -8.673096 14.931183 15.319977
accel:  0.131226 -0.551208  0.876343
gyro:  -3.820648 16.628418 11.192780
accel:  0.106567 -0.478027  0.887329
gyro:  -4.852448 19.252777  4.912262
accel:  0.082214 -0.540344  0.941406
gyro:  -7.917938 18.325653  6.332855
accel:  0.108826 -0.555725  0.914734
gyro:  -9.338531 14.011536  7.095490
accel:  0.099915 -0.536987  0.898499
gyro:  -9.084320 19.020996  6.093597
accel:  0.099609 -0.544617  0.914001
gyro:  -9.181519 19.970551  7.394562
accel:  0.112366 -0.575562  0.902344
gyro:  -11.394653 15.207825 13.076935
accel:  0.114563 -0.560791  0.909790
gyro:  -11.693726 17.966766  9.435730
accel:  0.094482 -0.522400  0.909363
gyro:  -10.699310 16.845245  9.540405
accel:  0.111267 -0.542908  0.904480
gyro:  -10.303040 17.144318 10.370331
accel:  0.096863 -0.527344  0.924438
gyro:  -10.856323 20.426636  7.783356
accel:  0.098450 -0.531433  0.904724
gyro:  -10.280609 18.520050  7.678680
accel:  0.116333 -0.546509  0.922119
gyro:  -11.476898 16.486359  9.203949
accel:  0.112061 -0.539917  0.915771
gyro:  -9.420776 18.131256  7.469330
accel:  0.122375 -0.537354  0.914856
gyro:  -8.022614 18.034058  8.770294
accel:  0.112671 -0.532104  0.903992
gyro:  -8.359070 17.316284  8.717957
accel:  0.110107 -0.533264  0.927795
gyro:  -9.151611 18.587341  8.388977
accel:  0.113098 -0.533752  0.911987
gyro:  -8.860016 17.144318  8.882446
accel:  0.111755 -0.536926  0.902039
gyro:  -6.415100 16.949921  7.259979
accel:  0.113708 -0.535828  0.923889
gyro:  -10.332947 17.854614  9.076843
accel:  0.104980 -0.531799  0.916809
gyro:  -8.695526 17.361145  7.723541
accel:  0.112122 -0.545227  0.912415
gyro:  -7.992706 16.247101  7.192688
accel:  0.114380 -0.532471  0.907288
gyro:  -10.482483 20.643463  7.215118
accel:  0.103882 -0.533569  0.939880
gyro:  -10.654449 22.288361  6.175842
accel:  0.121338 -0.539612  0.907593
gyro:  -9.689941 18.811646  8.703003
accel:  0.128906 -0.540100  0.916138
gyro:  -12.463837 21.862183  7.274933
accel:  0.109131 -0.516296  0.946350
gyro:  -21.473389 29.196930  4.837494
accel:  0.124451 -0.512634  0.965942
gyro:  -40.913086 40.531769 -1.734619
accel:  0.114197 -0.447998  1.026428
gyro:  -16.456451 42.131805 -2.878571
accel:  0.201233 -0.408813  0.877380
gyro:  -23.469696 29.436188  2.130890
accel:  0.239685 -0.447083  0.915710
gyro:  -28.456726 32.539062  6.093597
accel:  0.248535 -0.397095  0.933594
gyro:  -15.439606 25.525818  5.368347
accel:  0.290039 -0.362305  0.896545
gyro:  -6.108551 17.376099  9.114227
accel:  0.272705 -0.415161  0.925903
gyro:  -2.669220 14.176025  6.856232
accel:  0.267395 -0.408508  0.946899
gyro:  -9.959106 14.811554  7.357178
accel:  0.257812 -0.391785  0.969055
gyro:  -9.271240 17.720032  5.173950
accel:  0.256958 -0.408875  0.978149
gyro:  -15.506897 20.381775  8.030090
accel:  0.256287 -0.378296  0.942993
gyro:  -10.392761 20.344391  8.448792
accel:  0.267029 -0.389099  0.936401
gyro:  -14.325562 14.415283 11.260071
accel:  0.254822 -0.367310  0.952942
gyro:  -6.639404 18.729401  6.676788
accel:  0.243652 -0.369446  0.958557
gyro:  -8.845062 17.577972  7.282410
accel:  0.250366 -0.382690  0.944641
gyro:  -7.005768 16.194763  6.549683
accel:  0.257324 -0.384827  0.957214
gyro:  -4.994507 15.992889  2.923431
accel:  0.259338 -0.386719  0.949219
gyro:  -9.660034 17.196655  6.669312
accel:  0.257141 -0.395386  0.962830
gyro:  -8.097382 17.727509  8.650665
accel:  0.255615 -0.385864  0.952454
gyro:  -7.297363 17.278900  7.656250
accel:  0.258362 -0.384583  0.952576
gyro:  -7.088013 15.962982  7.678680
accel:  0.254639 -0.394165  0.962524
gyro:  -8.217010 18.587341  7.102966
accel:  0.251099 -0.389282  0.957886
gyro:  -6.145935 17.577972  6.901093
accel:  0.255188 -0.394897  0.937622
gyro:  -6.497345  8.478699 11.544189
accel:  0.265381 -0.413208  0.932373
gyro:  -7.424469  7.596436 17.420959
accel:  0.245544 -0.404297  0.957520
gyro:  -9.817047  4.830017 23.566895
accel:  0.215332 -0.364441  0.957214
gyro:  -14.639587  0.037384 16.456451
accel:  0.166321 -0.375244  0.973206
gyro:  -5.981445 12.508698 10.856323
accel:  0.170044 -0.401367  0.954346
gyro:  -13.204041 11.020813 13.458252
accel:  0.181580 -0.384338  0.952209
gyro:  -4.074860 35.806427 11.895599
accel:  0.195435 -0.392944  0.959106
gyro:  -25.757599  0.807495 23.103333
accel:  0.208252 -0.388611  1.018555
gyro:  -47.156219  6.661835  7.783356
accel:  0.132507 -0.318848  0.933350
gyro:  -24.381866 27.208099  9.017029
accel:  0.117004 -0.270264  1.004883
gyro:  -20.591125 23.649139 -4.822540
accel:  0.173767 -0.252869  0.933655
gyro:  -21.802368  0.919647 14.071350
accel:  0.189880 -0.261658  0.918640
gyro:  46.842194 -5.592651 33.922272
accel:  0.139282 -0.279053  1.034607
gyro:  -4.844971 47.103882 -2.317810
accel:  0.085632 -0.237122  1.034058
gyro:  -34.565277 -10.131073 12.830200
accel:  0.082092 -0.425781  0.860718
gyro:   0.702820 -0.201874  4.246826
accel:  0.188293 -0.412170  0.856323
gy 31.103516
accel:  0.317749 -0.356384  1.264526
gyro:  -33.645630 25.294037 41.421509
accel:  0.257446 -0.410461  1.065552
gyro:  -49.302063 73.968048 40.703735
accel:  0.265015 -0.329590  0.785706
gyro:  88.734741 104.122009 -17.592926
accel:  0.482849 -0.452942  0.754517
gyro:  34.969025 57.616272 12.979736
accel:  0.542908 -0.540649  0.763123
gyro:  36.763458 48.105774 20.232239
accel:  0.469360 -0.586975  0.750000
gyro:  -2.923431 44.075775 26.221161
accel:  0.545288 -0.731079  0.750610
gyro:  34.348450  8.493652 25.436096
accel:  0.552612 -0.735840  0.322632
gyro:  139.330292 45.705719 13.787231
accel:  0.729187 -0.909363  0.394470
gyro:  228.722992 -48.412323 -16.583557
accel:  0.687866 -1.046875  0.348389
gyro:  229.358521 -10.863800 -66.094971
accel:  0.357483 -0.575867 -0.211426
gyro:  229.358521 59.963989 -144.137878
accel:  0.463806 -1.246704 -1.110718
gyro:  104.779968 101.063995 -50.371246
accel:  0.281433 -0.692932 -0.672791
gyro:  120.772858 55.560150 -52.868500
accel:  0.140869 -0.030334 -1.189575
gyro:  141.707916 13.196564 -96.323700
accel:  0.212463 -0.009949 -0.960144
gyro:  -46.251526 -90.439453 -62.259369
accel:  0.110596  0.137329 -1.061951
gyro:  139.300385 -34.542847  8.291779
accel:  0.414673 -0.168945 -0.899902
gyro:  229.358521 -5.697327 -22.893982
accel:  0.619873  0.463318 -0.534302
gyro:  229.358521 46.408539 -6.773987
accel:  0.633606  0.474304  0.102844
gyro:  229.358521 14.542389 -15.873260
accel:  0.371704  0.145630  1.044006
gyro:  177.147980 15.491943 -66.431427
accel:  0.604980 -0.180176  0.870972
gyro:  125.341187  6.287994 13.084412
accel:  0.531799 -0.646667  0.881287
gyro:  28.524017 -3.955231 -5.106659
accel:  0.789612 -0.614807  1.039368
gyro:  -105.445404 37.578430 10.026398
accel:  0.493896 -0.581604  1.080017
gyro:  229.395905 -21.914520 62.431335
accel:  0.537781 -0.241821  0.796997
gyro:  229.395905 16.650848 72.839050
accel:  0.126526  0.600891  0.574097
gyro:  -164.848633 23.783722 22.707062
accel:  0.213013  0.879639  0.314392
gyro:  -104.548187 37.197113 -45.451508
accel:  0.358887  0.805054 -0.003235
gyro:  -174.919891 38.991547 -25.839844
accel:  0.440247  0.550354 -0.006104
gyro:  229.395905 32.793274 21.951904
accel:  0.256409  0.816284 -0.371460
gyro:  229.395905  8.329163 72.966156
accel:  0.421692  0.329712 -1.137878
gyro:  229.395905 184.108887 111.808167
accel:  0.106323 -0.440125 -0.399414
gyro:  229.395905  3.476715 -34.490509
accel:  0.269165 -1.538513 -0.754028
gyro:  229.395905 -32.337189 -19.776154
accel:  0.158447 -0.995178  0.306274
gyro:  229.395905 34.894257 -43.470154
accel: -0.036438 -0.715881  0.775269
gyro:  -213.148804  2.534637 15.843353
accel:  0.101196 -0.063171  0.811829
gyro:  -213.455353 42.804718 27.738953
accel: -0.147827  0.441467  0.637085
gyro:  -186.351929 100.779877 -66.244507
accel:  0.090149  0.498291  0.584473
gyro:  -125.221558 65.130463 19.686432
accel:  0.036377  0.308411  0.568604
gyro:  -95.688171 -6.287994 -7.327271
accel:  0.070618  0.939209  0.507324
gyro:  -106.626740 -6.983337 -37.376556
accel:  0.195007  0.549988  0.110718
gyro:  -91.411438  5.368347 -4.687958
accel:  0.308838  0.676880  0.232300
gyro:  229.395905 31.993256 -1.039276
accel:  0.407715  0.574951  0.017822
gyro:  229.724884  9.375916 -9.547882
accel: -0.021729  0.502808 -1.481750
gyro:  229.395905 26.011810 15.237732
accel:  0.479492 -0.000854 -0.579773
gyro:  229.395905 80.674744 -4.904785
accel:  0.211243 -0.406067 -0.747314
gyro:  229.395905 75.926971 -61.713562
accel: -0.011047 -0.773438 -1.107544
gyro:  229.395905 11.858215 -67.478180
accel:  0.015076 -1.003418 -0.108398
gyro:  229.395905 -54.109650  8.531036
accel:  0.020508 -1.853088  1.953125
gyro:  -173.641357 62.236938 18.161163
accel: -0.008789 -0.414551  0.749939
gyro:  -153.289490 102.215424 11.207733
accel:  0.045288 -0.335693  0.781677
gyro:  -13.959198 49.952545 -1.801910
accel:  0.053650 -0.220825  0.934570
gyro:  -8.127289 132.616119  0.343933
accel:  0.207336  0.010376  1.359741
gyro:  -64.442596 239.960632 -42.221527
accel:  0.371094  0.228516  1.237915
gyro:  -94.454498 241.897125 -42.647705
accel:  0.603394  0.133728  0.924744
gyro:  -153.865204 -229.866943 -54.760132
accel:  0.798035 -0.147766  0.393005
gyro:  46.229095 -229.866943 -35.783997
accel:  0.934998 -0.121338 -0.075867
gyro:  -104.047241 -229.866943 33.466187
accel:  0.667664 -0.085632 -0.789856
gyro:  -36.307373 -229.866943  1.069183
accel:  0.435852 -0.069763 -0.998840
gyro:  -79.942017 -229.866943 17.241516
accel: -0.118347 -0.090393 -0.787292
gyro:  -108.809967 -229.866943 38.281250
accel: -0.608154 -0.450256 -0.839966
gyro:   0.740204 -229.866943 -8.486176
accel: -0.880005 -0.253296 -0.609619
gyro:  42.969208 141.020050 -10.138550
accel: -0.969421 -0.157349 -0.605042
gyro:  159.756927 -128.713226 16.733093
accel: -1.108154 -0.429077 -0.548645
gyro:  120.077515 -229.829559 12.097473
accel: -0.594360 -0.466309 -0.769165
gyro:  229.358521 -229.829559 -107.598724
accel: -0.617249  0.132202 -0.702942
gyro:  193.125916 -229.829559 -167.936554
accel:  0.502441  0.258606 -0.890991
gyro:  147.966003 -229.829559 -225.724792
accel:  0.935669 -0.019348 -0.325317
gyro:  38.527985 -229.829559 -59.724731
accel:  0.672485  0.195740  0.358826
gyro:  91.523590 -229.829559 -27.036133
accel:  0.401611 -0.231018  0.515747
gyro:  99.149933 -229.829559 -9.630127
accel: -0.200745 -0.355103  0.610901
gyro:  80.226135 -214.270325 -66.827698
accel: -0.268372 -0.580322  0.707825
gyro:  -15.035858 -194.636230 -62.027588
accel: -0.788147 -0.487366  0.684326
gyro:  126.649628 -219.601288 36.374664
accel: -1.138123 -0.447205  0.210754
gyro:  83.007507 -216.520844 33.997040
accel: -0.796631 -0.473083 -0.216614
gyro:  89.280548 -228.521118 74.491425
accel: -0.482788 -0.568604 -0.491821
gyro:  51.657257 -229.829559 43.567352
accel: -0.246155 -0.502808 -1.036133
gyro:  83.329010 -219.077911 -12.187195
accel:  0.216248 -0.388184 -1.213623
gyro:   5.114136 -221.836853 -40.913086
accel:  0.530457 -0.147888 -1.097900
gyro:  -63.777161 -157.289581 -40.726166
accel:  0.639771 -0.158020 -0.931824
gyro:  -21.189270 -70.281982 -5.921631
accel:  0.891846 -0.262268 -0.619690
gyro:  -32.621307 95.987244 -32.905426
accel:  0.929688 -0.250366 -0.667053
gyro:  -2.998199 -229.866943 -44.576721
accel:  0.502991 -0.300171 -0.747498
gyro:  169.506683 -229.866943 57.571411
accel:  0.038269 -0.262634 -1.187439
gyro:  -62.401428 -230.405273 90.073090
accel: -0.437317 -0.266235 -0.829529
gyro:  -85.714111 -229.866943 85.923462
accel: -0.779785 -0.375305 -0.599976
gyro:  -192.983856 -229.866943 103.942566
accel: -0.699829 -0.382996 -0.309570
gyro:  229.395905 -229.866943 37.331696
accel: -0.617615 -0.684570  0.579895
gyro:  47.148743 200.572815 -62.595825
accel: -0.100464 -0.227600  0.505493
gyro:  -123.718719 157.611084 -55.948944
accel: -0.227478 -0.201843  0.812073
gyro:  -67.896881 116.040039 -19.020996
accel: -0.027649  0.188721  1.049377
gyro:  59.582672 -25.391235 69.863281
accel:  0.017090 -0.087708  0.881348
gyro:  41.922455 42.528076 -6.639404
accel:  0.128662 -0.067078  0.887878
gyro:  42.737427 53.616180 16.329346
accel:  0.198303 -0.189819  1.162903
gyro:  -1.353302 -1.405640  3.394470
accel:  0.167175 -0.109070  0.967346
gyro:  -4.104767 22.206116 11.723633
accel:  0.070190 -0.150330  0.966675
gyro:   6.153412 42.064514 -2.923431
accel:  0.039856 -0.119385  0.902893
gyro:  10.183411 57.646179 -6.818848
accel:  0.346497 -0.107056  1.029785
gyro:  -19.312592  1.943970 13.660126
accel:  0.245178 -0.109375  1.001160
gyro:  -12.284393  9.196472  0.097198
accel:  0.166382 -0.167358  0.977539
gyro:   3.544006 18.422852  2.960815
accel:  0.162537 -0.197021  0.962769
gyro:  -0.119629 18.751831 -14.347992
accel:  0.238708 -0.263916  1.009827
gyro:  -13.405914  4.201965  2.691650
accel:  0.271118 -0.196899  0.983398
gyro:  -9.682465 15.813446 12.179718
accel:  0.188477 -0.206360  0.946350
gyro:  -3.656158 12.172241  7.499237
accel:  0.179993 -0.198425  0.978699
gyro:  -11.746063 11.118011  4.246826
accel:  0.166443 -0.238770  0.996155
gyro:  -9.383392 11.110535  8.762817
accel:  0.168701 -0.214294  0.950623
gyro:  -6.512299 12.852631  7.962799
accel:  0.174011 -0.198059  0.975403
gyro:  -8.463745 14.228363 11.424561
accel:  0.154175 -0.211853  0.985901
gyro:  -10.803986 21.017303  9.465637
accel:  0.156189 -0.208618  0.998413
gyro:  -8.860016 13.480682 14.056396
accel:  0.163757 -0.189148  0.995667
gyro:  -10.445099 19.813538  9.308624
accel:  0.148926 -0.193604  0.980591
gyro:  -13.503113 13.196564  6.235657
accel:  0.138306 -0.206665  0.979065
gyro:  -14.168549 13.151703  7.768402
accel:  0.128479 -0.181519  0.945618
gyro:  -12.104950 14.676971  8.777771