accel:  0.024475 -0.043030  0.984680
gyro:  -0.710297 -7.529144  5.517883
accel:  0.026794 -0.032532  1.037720
gyro:  -0.919647  8.478699  7.446899
accel:  0.003601 -0.006409  1.025879
gyro:   7.289886  3.895416  0.538330
accel: -0.008118  0.025085  0.957336
gyro:  10.003967 -1.323395  3.940277
accel:  0.021179 -0.043030  0.976440
gyro:  11.200256  2.205658 15.918121
accel: -0.002380 -0.043030  0.983521
gyro:   2.302856  0.852356  4.598236
accel: -0.014648  0.000366  0.998108
gyro:   0.934601  3.095398  3.237457
accel:  0.000183 -0.040771  1.022827
gyro:  -4.381409 -3.985138  0.171967
accel:  0.030334 -0.037292  0.977905
gyro:  -6.624451 -3.872986  0.388794
accel:  0.014648 -0.019104  0.976135
gyro:  -4.882355 -9.742279 -3.858032
accel: -0.009277 -0.004395  1.012024
gyro:  -1.128998 -1.570129 -2.661743
accel:  0.003113 -0.033386  1.013611
gyro:   2.325287  1.420593  3.753357
accel: -0.032898  0.003418  0.993774
gyro:   0.897217  0.657959  0.680389
accel: -0.002197 -0.027954  1.004822
gyro:  -0.299072 -2.198181 -1.398163
accel: -0.006958 -0.013794  1.001038
gyro:   3.581390 -3.648682 -2.272949
accel: -0.015747 -0.014587  0.999573
gyro:  -3.147736 -2.018738 -0.441132
accel: -0.008362 -0.026001  0.987305
gyro:  -3.558960  3.050537  1.704712
accel: -0.036621  0.001770  0.987488
gyro:  -5.450592 -1.637421 -0.971985
accel: -0.024780 -0.003357  1.003540
gyro:   1.749573 10.998383  4.620667
accel:  0.000854 -0.038574  1.017273
gyro:   2.497253 -2.945862 -2.429962
accel: -0.028259  0.009583  1.008118
gyro:  -2.609406  2.280426  1.749573
accel:  0.013489 -0.031799  0.947327
gyro:  -0.261688  7.125397  1.330872
accel:  0.010132 -0.040100  0.974792
gyro:   5.794525  0.904694  4.515991
accel: -0.031677  0.007202  1.019348
gyro:   4.037476  5.510406  8.224487
accel:  0.014771 -0.009583  0.986450
gyro:   0.044861  6.071167  3.671112
accel: -0.006775  0.016602  0.996765
gyro:   0.119629 -4.553375  0.104675
accel:  0.031921 -0.029480  0.979675
gyro:  -3.544006 -8.957214 -5.188904
accel:  0.004089 -0.014709  1.017517
gyro:  -2.459869  0.366364  1.734619
accel: -0.009033 -0.025269  1.013062
gyro:   0.104675  2.056122  1.555176
accel:  0.002991 -0.011047  0.993896
gyro:  -1.143951 -1.091614  0.097198
accel: -0.009888  0.009705  0.988403
gyro:  -1.241150  1.443024  2.138367
accel:  0.006531 -0.005371  0.976929
gyro:  -1.330872 -2.048645  0.979462
accel:  0.001038  0.010315  0.983459
gyro:   0.134583 -5.921631 -1.637421
accel:  0.002197 -0.006287  1.000671
gyro:  -1.009369 -2.071075 -0.695343
accel: -0.004944 -0.020569  0.996643
gyro:  -1.622467 -1.061707 -0.478516
accel: -0.008728 -0.002502  1.000793
gyro:  -0.224304  0.134583 -0.867310
accel: -0.004639 -0.014221  0.989197
gyro:   2.915955  3.850555  0.538330
accel: -0.002747 -0.021240  1.013062
gyro:  -2.183228 -15.140533 -5.802002
accel: -0.015137  0.001892  1.010132
gyro:  -1.637421 -4.089813 -2.056122
accel: -0.020386 -0.006958  0.991882
gyro:  -0.807495  5.368347  2.923431
accel: -0.016357 -0.009583  0.996277
gyro:  -0.082245 -1.899109  1.121521
accel: -0.031006  0.003845  0.998596
gyro:  -0.971985  5.405731  2.086029
accel: -0.034973  0.007202  1.006592
gyro:   0.351410  0.411224 -2.265472
accel: -0.022095 -0.002380  1.005981
gyro:   1.188812  4.942169  2.086029
accel: -0.003113 -0.012939  0.997192
gyro:   0.321503  4.022522  1.286011
accel:  0.012756 -0.018066  0.989807
gyro:  -0.874786 -0.942078  0.373840
accel: -0.010864 -0.006958  1.023132
gyro:   4.358978  7.536621  7.140350
accel: -0.017090  0.000183  0.977966
gyro:   1.218719 -2.601929 -3.558960
accel:  0.018250 -0.020630  0.992737
gyro:  -0.702820 -3.917847 -3.940277
accel: -0.014587  0.001770  0.999023
gyro:   0.979462 -5.144043 -2.758942
accel: -0.012573  0.002014  0.989563
gyro:   2.385101  7.289886  0.613098
accel:  0.008728 -0.034729  1.004883
gyro:  -0.029907  0.000000  0.927124
accel:  0.004150 -0.018250  0.989685
gyro:   1.876678 -12.164764 -8.628235
accel: -0.024353 -0.019714  1.047546
gyro:   5.450592 -5.495453 -5.271149
accel: -0.037231 -0.006897  1.002197
gyro:   3.603821 -3.289795 -2.721558
accel: -0.038574 -0.020935  0.988892
gyro:  -0.448608 -0.246735 -2.878571
accel: -0.036011 -0.016968  0.981567
gyro:  -1.981354  2.564545 -0.142059
accel: -0.031677 -0.006104  0.980347
gyro:   1.472931  3.626251  1.151428
accel: -0.031677 -0.000183  0.993347
gyro:   1.196289 -2.168274 -1.084137
accel: -0.036499 -0.005676  1.000977
gyro:  -1.547699  0.598145 -2.549591
accel: -0.047607 -0.012634  0.979675
gyro:   1.076660 -1.570129 -5.959015
accel: -0.029419 -0.035156  0.989929
gyro:   0.889740 -0.852356 -2.684174
accel: -0.037842 -0.004578  1.002197
gyro:   4.568329 -0.523376 -4.979553
accel: -0.025635 -0.031494  1.025635
gyro:   0.994415  0.986938 -5.704803
accel: -0.044922 -0.006775  1.008545
gyro:   4.029999 -1.054230 -10.863800
accel: -0.063538  0.005127  0.995178
gyro:  -0.456085  2.459869 -9.203949
accel: -0.019165 -0.049500  0.957642
gyro:   2.968292 -1.517792 -8.306732
accel: -0.029663 -0.082581  1.022339
gyro:  -1.450500  2.003784 -0.239258
accel: -0.014832 -0.071289  1.004944
gyro:  -1.308441  1.682281  0.844879
accel: -0.030029 -0.020081  0.993774
gyro:   1.697235 -0.044861  2.803802
accel: -0.033264  0.003418  0.992737
gyro:  -1.502838  4.074860 -0.867310
accel: -0.022583 -0.038025  1.011719
gyro:  -2.205658  0.291595 -0.127106
accel: -0.022156 -0.013672  0.996521
gyro:  -3.476715 -0.104675 -2.452393
accel: -0.015930 -0.022034  0.982239
gyro:  -3.491669  3.072968  3.790741
accel: -0.013184 -0.016785  0.979370
gyro:  -9.263763 -0.515900  2.310333
accel: -0.042480 -0.145447  1.111389
gyro:  -3.229980  5.816956  0.471039
accel: -0.018250 -0.013367  1.023987
gyro:   0.545807 -4.725342 -4.979553
accel:  0.024658 -0.014465  1.032410
gyro:   5.046844 -8.531036 -3.917847
accel:  0.009827 -0.001160  1.018494
gyro:  -12.620850 -0.814972 -1.742096
accel: -0.011414  0.009338  0.996643
gyro:  10.878754  4.665527  1.981354
accel: -0.012146 -0.004883  1.004822
gyro:  25.331421  9.630127  2.601929
accel: -0.022644 -0.087585  0.970703
gyro:  -25.615540  5.248718 -8.590851
accel: -0.032410  0.001221  0.982178
gyro:  -2.160797  1.600037 -0.725250
accel: -0.006287  0.064087  0.968933
gyro:  17.435913  5.973969  6.130981
accel:  0.013794 -0.009766  1.011963
gyro:  -4.224396 -1.981354  1.136475
accel:  0.003418  0.029053  0.991089
gyro:   9.891815  2.960815  0.702820
accel:  0.012756  0.000549  1.002991
gyro:  -8.433838  1.248627 -0.224304
accel:  0.021851  0.014832  0.994324
gyro:  -3.902893  3.760834  1.061707
accel:  0.029053  0.027649  0.997742
gyro:   0.314026 -0.762634 -2.616882
accel:  0.029663  0.000671  1.001343
gyro:  -0.889740 -4.560852 -1.054230
accel:  0.023499  0.005676  1.003723
gyro:  -11.088104 -6.646881  3.177643
accel:  0.016174  0.029175  1.013184
gyro:  92.323608 27.080994  8.112335
accel: -0.014343 -0.034729  0.023987
gyro:  -5.420685 -17.839661 63.679962
accel: -0.016418 -0.029297  0.025085
gyro:  -26.849213 -110.365143 143.928528
accel: -0.069336  0.033386 -0.040161
gyro:  216.431122 -121.931763 168.392639
accel: -0.053711  0.040283  0.031006
gyro:  -100.899506 100.682678 242.143860
accel: -0.550476 -0.028809  0.234802
gyro:  -88.323517 -60.001373 57.100372
accel: -0.296387 -0.356567  1.197510
gyro:  146.919250 12.777863 -22.841644
accel: -0.203674  0.280457  0.475708
gyro:  -32.172699  9.667511 -5.615082
accel:  0.022522 -0.213135  0.895630
gyro:  -64.734192 13.181610 -2.340240
accel: -0.271362  0.059753  1.264221
gyro:  12.060089 36.172791 -11.312408
accel:  0.035156  0.089050  0.902527
gyro:  -3.416901 -34.408264 -22.946320
accel: -0.033142  0.169861  1.025024
gyro:  -9.660034 -4.074860 -31.290436
accel: -0.029236  0.023682  0.954346
gyro:  -8.426361  3.648682 -35.911102
accel: -0.085938  0.122253  1.060791
gyro:  -1.405640 -12.037659 -17.091980
accel: -0.046021  0.084351  0.999146
gyro:  17.361145 -14.557343 -28.763275
accel: -0.174805  0.064209  0.977783
gyro:   9.802094 10.587158 -22.049103
accel: -0.005310  0.032288  0.935242
gyro:   7.566528 -18.422852 -37.406464
accel: -0.094177  0.091248  1.040466
gyro:   2.265472 22.871552 -18.594818
accel: -0.135925 -0.013733  1.000305
gyro:  21.077118  8.493652 -21.705170
accel: -0.106812  0.001587  0.986450
gyro:   5.390778 -2.437439 -14.833984
accel: -0.095581  0.020691  0.996765
gyro:  -8.688049 -10.220795 -16.471405
accel: -0.090820 -0.006714  0.941650
gyro:   7.858124  9.689941 -11.648865
accel: -0.085693  0.037659  1.005676
gyro:  -5.734711 -0.874786 -1.876678
accel: -0.062439  0.082825  1.014709
gyro:  -4.127197  7.379608  6.848755
accel: -0.028320  0.089111  1.020874
gyro:   2.220612  3.013153  5.039368
accel: -0.003235  0.027283  0.982361
gyro:   1.128998 -1.936493  5.218811
accel: -0.013794  0.056458  1.015442
gyro:  -4.246826 -0.583191  6.033783
accel: -0.022461  0.069702  1.000122
gyro:   1.054230  2.901001  2.863617
accel: -0.026794  0.050354  0.994202
gyro:  -1.345825 -4.740295 -0.433655
accel: -0.020447  0.069519  0.959229
gyro:  -1.600037  1.764526 -2.086029
accel: -0.031494  0.082703  0.987976
gyro:  -6.766510 -0.852356 -2.272949