accel:  0.017700 -0.067139  0.989990
gyro:  -1.271057 -3.955231 -0.037384
accel: -0.001282 -0.043274  0.985596
gyro:   3.738403 -1.846771 -1.929016
accel:  0.033264 -0.052429  0.997803
gyro:  -2.826233  4.119720 -1.906586
accel:  0.016663 -0.075134  0.989014
gyro:  -5.787048 -0.889740  0.672913
accel:  0.010071 -0.048828  0.973877
gyro:   7.222595 -5.054321  3.469238
accel:  0.012451 -0.064819  1.010376
gyro:   3.603821 -0.044861  2.325287
accel:  0.000427 -0.064026  1.007507
gyro:   3.992615  1.906586 -0.665436
accel:  0.009888 -0.065430  1.023376
gyro:   0.328979  1.899109 -3.805695
accel:  0.012146 -0.078369  1.018250
gyro:  -0.508423 -4.530945 -2.003784
accel:  0.008057 -0.068970  0.997742
gyro:  -6.639404 -11.529236 -5.121613
accel:  0.017578 -0.028320  0.964905
gyro:   5.547791 -16.748047 -5.323486
accel: -0.068054 -0.090515  1.013062
gyro:  -1.128998 -0.157013 -0.680389
accel: -0.057190 -0.091370  1.006348
gyro:  -4.067383  3.229980 -3.229980
accel: -0.047546 -0.062622  0.986694
gyro:   1.480408  6.430054 -1.353302
accel: -0.042480 -0.068542  1.001953
gyro:  -0.089722  6.445007  2.257996
accel: -0.030884 -0.068542  0.995056
gyro:  -2.908478  3.671112  1.704712
accel: -0.010010 -0.056763  1.002991
gyro:  -2.833710 -4.874878 -0.755157
accel: -0.032593 -0.056458  0.985474
gyro:  -1.727142 -5.218811  0.740204
accel: -0.037170 -0.060974  0.999573
gyro:  -0.568237 -1.757050  1.943970
accel: -0.023010 -0.070068  1.040405
gyro:  -8.045044 -3.095398 -1.502838
accel: -0.044922 -0.038269  0.989868
gyro:  -2.325287 -1.420593 -2.392578
accel: -0.049561 -0.040466  0.981018
gyro:   0.157013  1.293488 -3.035583
accel: -0.034973 -0.037598  0.981750
gyro:  -0.986938  0.471039 -0.209351
accel: -0.039185 -0.035767  0.981750
gyro:  -2.220612  0.560760  2.011261
accel: -0.047607 -0.057983  1.006409
gyro:  -0.515900 -0.747681  5.443115
accel: -0.057739 -0.040405  1.006348
gyro:   1.420593  1.973877  1.936493
accel: -0.047974 -0.054260  1.004395
gyro:  -2.975769  3.648682 -0.508423
accel: -0.034607 -0.042175  0.999695
gyro:  -4.187012  4.471130  0.104675
accel: -0.036011 -0.059692  0.973450
gyro:  -1.540222 -5.458069  0.044861
accel: -0.040955 -0.031799  0.979858
gyro:  -0.321503 -8.374023  1.001892
accel: -0.048950 -0.015076  0.977600
gyro:   0.605621  2.168274  0.949554
accel: -0.035583 -0.038452  1.015808
gyro:  -2.721558  6.841278  1.278534
accel: -0.037964 -0.032593  0.990051
gyro:   1.084137  2.863617 -0.426178
accel: -0.040039 -0.030701  0.993164
gyro:   0.740204 -4.187012 -1.420593
accel: -0.035767 -0.032471  1.002686
gyro:  -0.209351 -2.953339 -1.502838
accel: -0.039001 -0.027832  1.007935
gyro:   0.829926  1.869202 -0.276642
accel: -0.042786 -0.040283  1.007935
gyro:  -0.388794  2.467346 -0.029907
accel: -0.042053 -0.040222  0.989136
gyro:   0.343933 -1.241150 -1.054230
accel: -0.026917 -0.036377  0.997009
gyro:   0.396271  0.358887  0.328979
accel: -0.034180 -0.037781  1.006958
gyro:   1.398163  1.899109  0.366364
accel: -0.022766 -0.028870  1.004272
gyro:  -1.667328  1.876678  0.067291
accel: -0.034912 -0.042236  1.013184
gyro:   1.472931  0.104675  0.702820
accel: -0.031006 -0.045715  1.001343
gyro:   1.480408 -1.667328  0.598145
accel: -0.032043 -0.040466  0.991516
gyro:   4.807587 -0.059814  2.018738
accel: -0.041565 -0.048279  0.975891
gyro:   2.893524  0.575714 -4.329071
accel: -0.017395 -0.052063  0.991577
gyro:  -0.029907  1.128998 -3.215027
accel: -0.031189 -0.053406  1.000793
gyro:   0.381317  2.392578  3.065491
accel: -0.029236 -0.061462  0.989319
gyro:  -2.437439  2.280426  1.293488
accel:  0.001892 -0.040527  1.015686
gyro:   2.370148 -2.003784 -0.112152
accel: -0.029785 -0.054382  0.995789
gyro:   4.007568 -0.351410  0.867310
accel: -0.041504 -0.067749  1.006653
gyro:  -1.600037 -2.482300  0.792542
accel: -0.029236 -0.062378  0.997192
gyro:  -2.968292 -2.347717 -0.373840
accel: -0.012878 -0.047852  0.996094
gyro:  -2.676697 -0.628052 -1.450500
accel: -0.034912 -0.051025  0.994202
gyro:  -7.588959  0.254211 -2.355194
accel: -0.027405 -0.039185  0.987793
gyro:   1.308441  0.373840  3.536530
accel: -0.027893 -0.042969  1.004639
gyro:  -1.742096  5.181427  3.185120
accel: -0.032593 -0.050964  0.997253
gyro:  -2.444916  1.936493  1.256104
accel: -0.019409 -0.051941  1.011353
gyro:   2.123413 -2.729034 -1.315918
accel: -0.018005 -0.031677  0.996338
gyro:  -1.061707 -2.362671 -0.635529
accel: -0.025818 -0.048645  0.997681
gyro:  -3.237457  1.786957 -0.276642
accel: -0.041443 -0.040588  0.982056
gyro:   0.276642 -2.332764 -3.962708
accel: -0.015503 -0.025757  1.008057
gyro:   3.080444  0.545807 -0.635529
accel: -0.021301 -0.053955  1.015259
gyro:   2.841187  1.831818  4.187012
accel: -0.031250 -0.047974  0.985107
gyro:   4.822540  0.545807  2.355194
accel: -0.041626 -0.051147  0.970520
gyro:   0.650482  3.671112 -0.321503
accel: -0.023560 -0.076416  1.004211
gyro:   3.192596  0.844879 -0.426178
accel: -0.013855 -0.060852  0.994873
gyro:  -1.368256 -1.405640  0.254211
accel: -0.014160 -0.066345  0.997620
gyro:   0.485992 -3.282318  2.123413
accel: -0.020691 -0.041809  0.980286
gyro:   0.665436 -2.003784  0.710297
accel: -0.030151 -0.058899  0.986206
gyro:  -1.076660  4.912262 -0.829926
accel: -0.018616 -0.066223  1.007019
gyro:  -0.171967  3.080444 -1.308441
accel: -0.021606 -0.064148  0.997620
gyro:  -1.360779  0.059814 -1.390686
accel: -0.008362 -0.053894  0.996643
gyro:   1.816864 -2.190704 -0.635529
accel: -0.025757 -0.054382  0.983337
gyro:  -1.271057 -1.764526 -2.115936
accel: -0.004333 -0.050903  1.005920
gyro:  -0.201874 -0.314026 -4.568329
accel: -0.013062 -0.054871  0.993896
gyro:  -1.547699  0.029907 -1.457977
accel: -0.024963 -0.060425  0.990051
gyro:  -2.534637  1.899109  1.839294
accel: -0.007690 -0.049988  0.999756
gyro:  -0.448608 -0.493469  1.435547
accel: -0.023254 -0.058167  1.021729
gyro:   0.927124 -3.431854  0.022430
accel: -0.020142 -0.052185  0.996399
gyro:   0.508423 -2.340240 -2.766418
accel: -0.035461 -0.055664  0.989746
gyro:  -0.388794  2.078552 -0.949554
accel: -0.006714 -0.060852  1.011169
gyro:   2.489777  0.770111 -0.418701
accel: -0.008423 -0.044556  0.981445
gyro:   3.043060 -2.377625  0.770111
accel: -0.016052 -0.051758  0.983154
gyro:  -3.147736 -1.607513  2.489777
accel: -0.022827 -0.064758  1.018677
gyro:   0.680389 -0.328979  2.228088
accel: -0.031677 -0.048889  0.997192
gyro:  -0.239258  0.074768  0.171967
accel: -0.025269 -0.061707  1.001587
gyro:  -1.413116 -0.007477 -0.695343
accel: -0.020874 -0.052734  1.006531
gyro:   1.472931 -1.502838 -0.358887
accel: -0.024536 -0.049622  0.987976
gyro:   0.463562 -0.239258  0.254211
accel: -0.014526 -0.056458  1.001038
gyro:   0.052338  2.998199  1.390686
accel: -0.025208 -0.060303  1.002441
gyro:  -0.351410  1.659851 -0.426178
accel: -0.020752 -0.057556  0.993774
gyro:   1.749573  0.605621 -0.411224
accel: -0.015015 -0.054504  1.004578
gyro:   0.299072 -1.263580 -1.786957
accel: -0.015991 -0.048767  0.984985
gyro:  -0.897217 -1.300964 -1.166382
accel: -0.030334 -0.066345  1.008606
gyro:  -0.897217  0.964508  1.502838
accel: -0.016235 -0.063965  1.003235
gyro:   1.958923  1.786957  1.375732
accel: -0.003723 -0.049927  1.005127
gyro:  -0.441132  0.157013  0.755157
accel: -0.021118 -0.057983  0.991699
gyro:  -1.420593 -1.682281 -0.665436
accel: -0.026184 -0.056152  0.980408
gyro:  -2.011261 -1.001892 -0.934601
accel: -0.025818 -0.051941  0.996094
gyro:   0.986938 -1.383209  0.179443
accel: -0.020874 -0.050964  0.994568
gyro:  -0.149536  0.897217  0.859833
accel: -0.023987 -0.056702  0.994385
gyro:   1.958923  0.388794  0.867310
accel: -0.018799 -0.054932  0.994568
gyro:   9.308624 -0.448608 -0.418701
accel: -0.015198 -0.090637  1.012268
gyro:   1.540222  0.530853 -1.757050
accel:  0.006836 -0.098389  1.037598
gyro:   0.807495 -1.742096 -0.695343
accel:  0.000549 -0.087708  1.020447
gyro:   8.837585 -6.736603 -2.295380
accel: -0.036377 -0.174805  1.073547
gyro:  -10.183411 -1.293488 -1.510315
accel: -0.010010 -0.046875  0.984741
gyro:   3.282318  0.366364 -1.248627
accel: -0.025330 -0.065674  0.985474
gyro:  -1.697235  0.986938 -0.314026
accel: -0.029358 -0.058533  0.998352
gyro:  -0.859833  0.000000  0.179443
accel: -0.015503 -0.051392  1.007141
gyro:   1.614990  0.157013  0.171967
accel: -0.020081 -0.059265  0.992859
gyro:  -2.347717  1.084137 -2.123413
accel: -0.019287 -0.059021  0.998047
gyro:   0.441132 -1.757050  0.284119
accel: -0.019897 -0.052307  0.992126
gyro:   0.186920 -3.252411  0.650482
accel: -0.033813 -0.056030  0.986511
gyro:  -2.198181 -0.650482  0.957031
accel: -0.022827 -0.059387  1.005676
gyro:   1.443024  1.128998  2.115936
accel: -0.036560 -0.056946  0.986755
gyro:  -1.218719  3.581390  1.263580
accel: -0.028015 -0.062195  0.995911
gyro:  -0.882263  0.687866  0.052338
accel: -0.020508 -0.060974  0.999084
gyro:   0.127106 -1.203766  1.091614
accel: -0.029907 -0.072754  1.002686
gyro:  -0.441132  0.770111  0.725250
accel: -0.028076 -0.060059  0.983887
gyro:  -1.697235 -0.530853 -1.742096
accel: -0.033691 -0.048523  0.976440
gyro:  -0.082245 -1.607513  0.942078
accel: -0.024351 -0.051941  0.998047
gyro:  -2.257996 -1.555176 -0.463562
accel: -0.021118 -0.046936  1.002625
gyro:   0.358887 -2.115936 -0.276642
accel: -0.025940 -0.051941  1.008667
gyro:   1.166382 -0.643005  2.026215
accel: -0.020325 -0.067261  1.016052
gyro:   1.734619  0.710297  2.699127
accel: -0.022644 -0.049744  1.009705
gyro:  -0.979462  4.299164  3.357086
accel: -0.014404 -0.059998  1.003174
gyro:  -1.644897  1.457977  1.951447
accel: -0.006714 -0.055481  0.994507
gyro:  -1.884155 -2.265472 -0.934601
accel: -0.010193 -0.047852  0.989014
gyro:  -0.164490 -3.237457 -0.216827
accel: -0.012878 -0.056824  0.995239
gyro:  -0.867310  3.416901 -0.426178
accel: -0.029541 -0.045654  0.973389
gyro:   0.463562  3.215027 -1.443024
accel: -0.016602 -0.047241  0.980713
gyro:   0.643005  2.056122 -1.271057
accel: -0.002625 -0.041504  0.983154
gyro:  -0.201874  0.590668  1.667328
accel: -0.009155 -0.044128  0.987000
gyro:   0.037384  1.188812 -1.824341
accel: -0.006836 -0.055542  1.003906
gyro:  -1.465454  2.265472 -2.833710
accel:  0.005676 -0.055847  1.034546
gyro:  -0.882263  2.370148 -1.921539
accel: -0.004517 -0.051514  0.998291
gyro:  -1.510315 -2.295380 -1.809387
accel: -0.002319 -0.046570  0.978149
gyro:  -1.532745  0.328979 -2.100983
accel:  0.006042 -0.051392  1.002808
gyro:   1.555176  2.385101  1.286011
accel: -0.013123 -0.042358  0.983398
gyro:  -0.628052  2.616882  1.487885
accel: -0.001587 -0.041199  0.991577
gyro:   1.652374  2.437439  1.256104
accel:  0.008972 -0.042114  0.999756
gyro:  -0.829926  1.816864  0.059814
accel:  0.013184 -0.047546  1.012146
gyro:  -1.727142 -0.620575  0.373840
accel:  0.027222 -0.038330  1.002686
gyro:  -0.672913 -3.028107 -2.026215
accel: -0.011047 -0.022705  0.972778
gyro:  -0.403748  2.340240 -0.710297
accel:  0.017517 -0.048279  0.996704
gyro:  -2.833710  3.626251 -0.448608
accel:  0.019836 -0.044434  0.996033
gyro:  -0.687866  0.022430 -0.157013
accel:  0.025635 -0.046753  1.007629
gyro:  -3.237457 -1.629944 -1.525269
accel:  0.015747 -0.039246  0.999084
gyro:  -6.130981  2.519684 -4.291687
accel:  0.015869 -0.073792  0.922058
gyro:  -30.632477 101.669617  5.988922
accel:  0.016968  0.102905 -0.123840
gyro:  -54.618073 40.726166 26.041718
accel: -0.010925  0.001465  0.019287
gyro:  87.052460 60.644379 23.260345
accel:  0.008911  0.009644  0.017273
gyro:  102.372437 43.829041 17.458344
accel:  0.052246 -0.029175  0.095947
gyro:  238.517609 -153.648376 -90.155334
accel: -1.974121  0.187317 -1.960388
gyro:  39.006500 129.647827 68.883820
accel: -0.569336 -1.184753 -1.960388
gyro:  132.474060 -77.392426  6.497345
accel: -0.088867  0.000671  1.076904
gyro:  22.722015 -0.568237 17.308807
accel: -0.110474 -0.108459  1.009888
gyro:  21.899567 56.995697 21.533203
accel:  0.025391 -0.192627  0.812012
gyro:  129.617920 -18.161163  5.345917
accel:  0.025330 -0.476379  1.110046
gyro:  -74.476471 21.720123 24.935150
accel: -0.018494 -0.484375  1.136047
gyro:  -2.497253 -20.142517  4.112244
accel:  0.106262 -0.273621  0.964783
gyro:  176.901245 -101.131287 -45.862732
accel: -0.192200 -0.229004  0.680969
gyro:  64.450073 -34.572754 -11.903076
accel: -0.227600 -0.686890  0.814636
gyro:  -56.472321 34.468079 -17.406006
accel: -0.090393 -0.240417  0.848816
gyro:  -25.077209  8.635712 -21.824799
accel: -0.121948 -0.214355  0.990784
gyro:  -2.385101 13.413391 -2.026215
accel: -0.078308 -0.286133  0.906311
gyro:  36.412048  0.418701  9.450684
accel: -0.078491 -0.404236  1.012512
gyro:   5.353394  3.140259  3.588867
accel: -0.123840 -0.255127  0.949646
gyro:  -6.370239  4.994507 -5.734711
accel: -0.125183 -0.307373  0.901184
gyro:  14.505005  2.108459 -4.358978
accel: -0.059570 -0.399963  0.954468
gyro:   2.579498  6.145935 -0.328979
accel: -0.056091 -0.332336  0.931030
gyro:  13.136749 -3.536530  4.560852
accel: -0.073669 -0.330444  0.945740
gyro:  -6.781464 -2.706604 -0.224304
accel: -0.097717 -0.354980  0.961060
gyro:  -6.400146 -0.059814  1.772003
accel: -0.091309 -0.367188  0.906860
gyro:   2.347717  4.994507 -0.336456
accel: -0.088440 -0.357666  0.896179
gyro:  15.110626  2.721558  0.239258
accel: -0.080261 -0.345764  0.922791
gyro:   9.405823 -1.861725 -0.029907
accel: -0.071594 -0.391113  0.963745
gyro:   2.714081 -0.179443 -0.665436
accel: -0.089844 -0.382324  0.949768
gyro:   4.441223 -0.785065 -0.882263
accel: -0.071838 -0.400085  0.865540
gyro:   2.489777  0.545807  0.822449
accel: -0.068848 -0.401611  0.910522
gyro:   2.407532  4.134674  2.796326
accel: -0.051453 -0.429199  0.949402
gyro:  -0.366364 -0.777588  1.607513
accel: -0.068787 -0.399414  0.914124
gyro:   3.701019 10.123596  4.732819
accel: -0.040039 -0.376709  0.840576
gyro:  18.161163 -6.527252  2.033691
accel: -0.050354 -0.444763  0.939209
gyro:  -12.598419  4.553375 -0.478516
accel: -0.054504 -0.471863  0.924927
gyro:  -1.727142  0.867310 -2.026215
accel: -0.042542 -0.435791  0.845825
gyro:  -0.822449 -0.986938  0.448608
accel: -0.024231 -0.453430  0.901245
gyro:  -2.990723  0.717773  1.293488
accel: -0.063904 -0.430359  0.901184
gyro:   3.573914 -0.829926  0.157013
accel: -0.045349 -0.466064  0.900635
gyro:   0.829926  0.089722 -0.112152
accel: -0.064819 -0.419250  0.888000
gyro:  -3.147736 -1.196289 -1.420593
accel: -0.043945 -0.450073  0.878784
gyro:   0.089722  1.271057  0.142059
accel: -0.043762 -0.402039  0.893799
gyro:  -0.044861  1.188812 -0.343933
accel: -0.053833 -0.428772  0.910889
gyro:   1.248627  0.635529 -0.022430
accel: -0.044373 -0.449768  0.898621
gyro:  -0.089722 -0.957031 -0.299072
accel: -0.042297 -0.436523  0.909668
gyro:   0.986938  0.986938  0.014954
accel: -0.047607 -0.429199  0.910950
gyro:  -2.826233  1.158905 -0.351410