accel:  0.286743 -0.232361  0.942261
gyro:   1.360779  0.336456  0.687866
accel:  0.284668 -0.225403  0.916870
gyro:   0.269165 -1.166382 -0.381317
accel:  0.273254 -0.230347  0.915588
gyro:   0.897217  0.590668 -0.687866
accel:  0.284546 -0.226318  0.911804
gyro:   1.435547 -0.867310  0.471039
accel:  0.295532 -0.233093  0.927917
gyro:  -0.321503  0.209351  1.046753
accel:  0.303955 -0.223022  0.928894
gyro:  -1.532745 -1.166382 -0.186920
accel:  0.281799 -0.216003  0.934326
gyro:   1.069183  0.575714 -0.328979
accel:  0.283508 -0.229065  0.930176
gyro:  -0.949554  1.001892 -1.614990
accel:  0.284424 -0.229492  0.934998
gyro:  -0.471039 -0.710297  0.508423
accel:  0.296082 -0.233826  0.937927
gyro:  -0.485992  1.487885 -0.814972
accel:  0.294739 -0.230286  0.922974
gyro:   1.001892 -0.089722  0.291595
accel:  0.291992 -0.221802  0.920166
gyro:  -0.403748  1.540222 -0.366364
accel:  0.294617 -0.221252  0.928284
gyro:   0.171967 -0.014954 -1.353302
accel:  0.286438 -0.232849  0.922363
gyro:  -0.994415 -0.067291 -0.366364
accel:  0.302979 -0.219971  0.927002
gyro:   0.388794 -0.426178 -0.478516
accel:  0.281799 -0.227539  0.931580
gyro:  -1.854248 -0.590668 -1.914062
accel:  0.270996 -0.218567  0.926025
gyro:  -1.929016 -2.557068 -1.906586
accel:  0.296326 -0.228394  0.936157
gyro:  -1.988831 -5.996399 -1.136475
accel:  0.294739 -0.222595  0.925781
gyro:  -15.185394 -10.759125 -4.912262
accel:  0.259094 -0.218994  0.935303
gyro:  -13.278809 -8.314209 -0.441132
accel:  0.251831 -0.194458  0.924133
gyro:  -3.917847 -3.917847  0.508423
accel:  0.242188 -0.171814  0.956177
gyro:  -1.637421 -4.957123 -0.261688
accel:  0.227173 -0.147522  0.942444
gyro:  -2.198181 -4.710388 -0.037384
accel:  0.220215 -0.166260  0.951721
gyro:  -1.884155 -2.938385 -2.063599
accel:  0.203430 -0.173584  0.956177
gyro:   1.091614 -0.785065 -1.854248
accel:  0.226624 -0.158508  0.965332
gyro:  -1.039276 -2.153320 -0.044861
accel:  0.231995 -0.169067  0.951477
gyro:  -1.031799 -0.635529  1.106567
accel:  0.206543 -0.159241  0.977112
gyro:  -2.183228 -1.712189  0.874786
accel:  0.202271 -0.161377  0.957825
gyro:  -2.018738  1.420593 -0.254211
accel:  0.214844 -0.157410  0.977295
gyro:  -1.181335  0.119629 -0.747681
accel:  0.203613 -0.153625  0.967102
gyro:  -0.553284  1.390686 -1.510315
accel:  0.221008 -0.152039  0.961792
gyro:  -0.792542  1.525269 -0.807495
accel:  0.210144 -0.157227  0.967834
gyro:   0.598145  3.058014 -0.986938
accel:  0.231201 -0.165833  0.974609
gyro:  -0.082245 -1.241150  0.702820
accel:  0.216309 -0.142822  0.945496
gyro:  -0.560760  1.876678 -1.218719
accel:  0.207092 -0.153625  0.969849
gyro:   1.420593  1.644897  0.904694
accel:  0.231628 -0.153687  0.956055
gyro:   0.986938  1.383209  0.725250
accel:  0.232666 -0.158936  0.953186
gyro:  -2.011261  1.951447 -0.328979
accel:  0.210388 -0.157898  0.977478
gyro:  -0.321503  2.586975 -1.757050
accel:  0.228271 -0.153198  0.967346
gyro:  -0.702820  2.459869 -4.179535
accel:  0.225708 -0.156555  0.961731
gyro:  -2.422485  2.467346 -4.067383
accel:  0.230652 -0.154724  0.931152
gyro:  -0.224304  2.452393 -3.117828
accel:  0.240906 -0.148376  0.954163
gyro:   0.545807  2.833710  0.224304
accel:  0.248291 -0.153748  0.954651
gyro:  -0.127106  0.583191  1.001892
accel:  0.255249 -0.146606  0.951355
gyro:   0.859833  1.353302  2.878571
accel:  0.259338 -0.161560  0.963196
gyro:   0.216827 -0.179443  2.071075
accel:  0.248169 -0.144287  0.933594
gyro:  -0.500946  0.097198  0.553284
accel:  0.239197 -0.133972  0.958008
gyro:   3.110352  1.757050 -0.388794
accel:  0.236450 -0.147827  0.944946
gyro:  -1.226196  0.620575 -1.315918
accel:  0.244385 -0.152100  0.953918
gyro:   0.590668 -0.082245  0.508423
accel:  0.259277 -0.160339  0.934448
gyro:  -0.934601 -1.218719  0.508423
accel:  0.246704 -0.154236  0.950989
gyro:   0.590668 -1.084137  0.336456
accel:  0.241699 -0.141663  0.946777
gyro:   0.456085 -0.142059 -2.168274
accel:  0.233459 -0.161865  0.956482
gyro:   0.837402  2.063599 -2.280426
accel:  0.249451 -0.150391  0.945618
gyro:   0.441132  0.874786 -0.022430
accel:  0.268494 -0.160828  0.960327
gyro:   2.474823  1.158905  0.351410
accel:  0.251953 -0.159485  0.935791
gyro:   1.226196  0.942078 -0.343933
accel:  0.259216 -0.158081  0.955139
gyro:   0.859833  1.046753  0.912170
accel:  0.263123 -0.167969  0.955017
gyro:   1.861725  2.153320 -2.108459
accel:  0.249695 -0.162720  0.934082
gyro:  -0.493469  4.897308 -2.437439
accel:  0.277832 -0.175415  0.949890
gyro:   1.203766  1.211243 -0.276642
accel:  0.275635 -0.162537  0.941589
gyro:   4.351501 -11.641388  7.162781
accel:  0.326538 -0.201782  1.020752
gyro:   2.355194 -86.835632 24.441681
accel:  0.398315 -0.061829  1.179443
gyro:  -4.575806 -42.999115 45.645905
accel:  0.190125 -0.035522  1.603577
gyro:  -47.597351 -47.896423 10.213318
accel: -0.035278 -0.126709  1.448975
gyro:  -74.371796 -13.233948 -25.264130
accel: -0.079102 -0.114990  1.037170
gyro:  -4.418793 -1.143951 -1.338348
accel: -0.140259  0.015015  0.839478
gyro:  11.835785 -13.697510 -9.106750
accel: -0.069519 -0.053101  0.736389
gyro:  -60.173340 40.165405  1.757050
accel: -0.171265 -0.175903  0.908997
gyro:  -3.506622 25.473480 -11.813354
accel: -0.080383 -0.153503  0.881348
gyro:  12.142334  9.667511 23.604279
accel:  0.078796  0.058411  0.628662
gyro:  15.491943 -9.809570  6.407623
accel:  0.038635 -0.030273  0.919128
gyro:  11.962891  8.411407 11.738586
accel:  0.024231 -0.045532  0.880615
gyro:  -7.132874 67.545471 25.047302
accel:  0.203003 -0.046997  0.785950
gyro:  41.743011 -14.706879 13.211517
accel:  0.131348  0.059814  0.878784
gyro:   2.280426 26.617432 33.645630
accel:  0.032898 -0.042786  0.968140
gyro:   1.914062 22.355652 -23.993073
accel:  0.545654 -0.690430  1.695862
gyro:   1.390686 -22.333221 -12.598419
accel:  0.100525 -0.014709  0.794922
gyro:  -5.914154 -13.914337 -25.047302
accel:  0.034424 -0.100891  1.138733
gyro:   5.906677 -37.294312 -23.252869
accel:  0.195984  0.013855  0.914307
gyro:  -11.013336 -26.684723 -39.268188
accel:  0.078491  0.016968  0.995300
gyro:   2.123413 -32.434387 -7.925415
accel: -0.101501 -0.098328  1.199463
gyro:  -47.238464 -29.810028 -5.166473
accel: -0.212036 -0.137390  1.143372
gyro:  55.560150 -68.726807  9.503021
accel: -0.010437  0.073486  0.878479
gyro:  32.897949 133.289032 -33.361511
accel: -0.140747  0.046143  1.450012
gyro:  52.741394 98.798523 -62.969666
accel:  0.116699 -0.199402  0.623108
gyro:  23.305206 -83.882294 -28.232422
accel:  0.017822 -0.386047  0.672424
gyro:  -70.214691 -75.104523 58.580780
accel: -0.133545 -0.138184  1.058533
gyro:  -0.224304  0.269165 -26.475372
accel: -0.190735 -0.099792  1.161682
gyro:  -42.872009  4.381409 13.121796
accel: -0.040466 -0.103882  0.868835
gyro:  -2.048645  8.456268 -4.650574
accel: -0.117493 -0.084351  1.021057
gyro:  26.879120  5.592651  1.390686
accel: -0.135010 -0.127930  0.945007
gyro:  -2.415009 18.019104 38.924255
accel: -0.034546 -0.052795  0.955627
gyro:  -43.088837 37.884979  7.117920
accel:  0.037964  0.016602  1.050720
gyro:  60.980835 -5.510406  7.020721
accel:  0.012939 -0.002747  1.007751
gyro:   3.162689 23.073425  8.381500
accel: -0.024292 -0.169983  0.964111
gyro:   0.231781  5.809479 -5.046844
accel:  0.011536 -0.085815  0.906860
gyro:  -29.338989 10.093689 15.125580
accel:  0.063721 -0.178528  0.916443
gyro:  10.303040  5.338440 13.862000
accel:  0.013672  0.071289  0.946777
gyro:  11.701202 -1.502838  1.084137
accel:  0.081116 -0.024109  0.996582
gyro:  -3.618774 -4.127197  3.656158
accel:  0.071716 -0.056824  1.010803
gyro:  11.058197 -9.772186 -1.001892
accel:  0.075745 -0.083435  0.958618
gyro:  -2.153320 -9.592743  1.465454
accel:  0.041016 -0.111938  0.950256
gyro:  -1.360779 -12.179718  3.170166
accel:  0.021851 -0.074036  0.983582
gyro:  -2.886047 -4.837494 -1.143951
accel:  0.005676 -0.053162  1.013672
gyro:  -3.940277 -1.383209 -1.644897
accel:  0.010925 -0.038330  0.965698
gyro:   2.018738 -1.375732  1.308441
accel:  0.014771 -0.062683  1.001099
gyro:   1.390686 -3.155212  3.244934
accel: -0.021667 -0.075073  0.970459
gyro:  -95.508728 40.569153 33.226929
accel:  0.015686  0.060974 -0.095825
gyro:  -25.353851 -17.473297 51.530151
accel: -0.000549  0.029114  0.012817
gyro:  184.041595 25.578156 42.602844
accel:  0.025879  0.008484  0.048645
gyro:  200.430756 50.789948 47.724457
accel:  0.042419 -0.029907  0.108643
gyro:  14.826508 -79.291534 -4.112244
accel:  1.864624  1.441406 -1.960388
gyro:  -44.172974 43.014069 13.645172
accel:  0.618103 -0.311646  1.994629
gyro:  97.669525 -92.570343  0.807495
accel:  0.325012 -0.109314  1.381775
gyro:  26.266022 -15.364838 -2.781372
accel:  0.245361 -0.179138  1.051147
gyro:  -10.482483 -1.652374  8.650665
accel:  0.163696 -0.168213  0.966614
gyro:  -14.564819 -6.153412 -7.536621
accel:  0.102600 -0.272644  0.952271
gyro:  229.866943 98.065796 -42.939301
accel:  0.167297 -0.389404  0.874207
gyro:  -65.653839 -66.954803 -54.692841
accel:  0.722900 -1.910278  1.674377
gyro:  68.240814  5.473022 18.729401
accel: -0.087341 -0.172485  0.851135
gyro:  40.591583 -38.191528  0.127106
accel:  0.318298 -0.279724  0.948364
gyro:   6.594543 -1.555176 32.030640
accel:  0.070435 -0.458496  0.846802
gyro:  -19.529419  6.041260  4.859924
accel:  0.012085 -0.400024  0.756775
gyro:  -16.082611  7.237549  8.837585
accel: -0.105164 -0.231689  1.137451
gyro:  -24.299622 14.093781 -13.525543
accel:  0.020142 -0.257507  1.007812
gyro:  21.017303  1.958923 -5.001984
accel:  0.137512 -0.402100  0.977661
gyro:   8.224487 21.764984 -3.058014
accel:  0.148499 -0.353943  0.768372
gyro:  -10.033875 13.032074  5.697327
accel:  0.279114 -0.223145  1.092773
gyro:   1.854248 -1.405640 12.703094
accel:  0.163391 -0.324524  1.010742
gyro:  -0.553284  3.087921  3.319702
accel:  0.126770 -0.335144  0.874878
gyro:   2.392578  1.487885 -2.684174
accel:  0.161743 -0.347778  0.973938
gyro:  -0.755157 -0.717773 -4.590759
accel:  0.172852 -0.346313  0.925659
gyro:  -9.682465  0.171967 -1.854248
accel:  0.206970 -0.256531  0.957642
gyro:  -5.906677 -1.794434  0.186920
accel:  0.201599 -0.301819  0.936279
gyro:  -2.317810 -1.779480  4.725342
accel:  0.197632 -0.329956  0.928040
gyro:   0.388794  3.095398  2.444916
accel:  0.181885 -0.297485  0.921814
gyro:  -0.411224  6.669312  3.618774
accel:  0.202087 -0.264343  0.923523
gyro:   3.686066 -1.121521  3.887939
accel:  0.172546 -0.325867  0.940857
gyro:  -0.792542 -0.022430  1.136475
accel:  0.180481 -0.299194  0.938232
gyro:  -6.646881 -0.179443  0.785065
accel:  0.188721 -0.293762  0.934387
gyro:  -5.398254  0.874786  0.134583
accel:  0.215576 -0.309692  0.920898
gyro:   4.987030 -0.343933  1.943970