accel:  0.073608 -0.180603  0.980347
gyro:  -8.590851 15.222778  9.368439
accel:  0.091614 -0.172302  0.968384
gyro:  -10.422668 16.508789 10.093689
accel:  0.088745 -0.179077  0.987793
gyro:  -7.701111 19.282684  7.955322
accel:  0.079468 -0.167114  0.938660
gyro:  -7.185211 16.620941  8.074951
accel:  0.077148 -0.170654  0.975220
gyro:  -9.398346 17.009735  8.972168
accel:  0.080017 -0.172058  0.980835
gyro:  -10.303040 18.078918  8.097382
accel:  0.074829 -0.170593  0.968323
gyro:  -9.017029 18.961182  6.968384
accel:  0.083984 -0.180481  0.965698
gyro:  -9.091797 17.480774  7.656250
accel:  0.074646 -0.161621  0.961609
gyro:  -8.351593 15.678864  7.506714
accel:  0.073242 -0.173462  0.968567
gyro:  -9.278717 16.060181  7.454376
accel:  0.070435 -0.177063  0.978149
gyro:  -10.340424 17.062073  7.379608
accel:  0.078857 -0.186096  0.978699
gyro:  -9.196472 16.568604  8.815155
accel:  0.079407 -0.180481  0.976440
gyro:  -10.527344 17.577972  8.523560
accel:  0.071106 -0.176392  0.972412
gyro:  -9.929199 17.106934  8.359070
accel:  0.078064 -0.175903  0.968811
gyro:  -9.674988 17.383575  9.196472
accel:  0.075378 -0.171326  0.977295
gyro:  -9.645081 16.583557  8.867493
accel:  0.065308 -0.167969  0.967529
gyro:  -10.078735 16.060181  6.893616
accel:  0.066345 -0.167297  0.976562
gyro:  -11.484375 15.357361  6.901093
accel:  0.075500 -0.173279  0.960022
gyro:  -9.233856 12.755432  7.379608
accel:  0.062744 -0.162109  0.964844
gyro:  -10.811462 14.004059  7.701111
accel:  0.061707 -0.164978  1.001892
gyro:  -7.738495 16.194763  3.618774
accel:  0.046143 -0.155029  0.960388
gyro:  -9.936676 17.645264  5.547791
accel:  0.059265 -0.162964  0.983276
gyro:  -8.770294 16.792908  8.717957
accel:  0.063293 -0.166931  0.964661
gyro:  -11.140442 18.482666  9.929199
accel:  0.044434 -0.163574  0.980164
gyro:  -13.076935 18.183594 10.968475
accel:  0.047119 -0.171021  0.980347
gyro:  -10.878754 19.320068 10.347900
accel:  0.043823 -0.166321  0.972656
gyro:  -10.078735 17.533112 12.366638
accel:  0.047852 -0.161560  0.954834
gyro:  -10.609589 17.316284 11.716156
accel:  0.042297 -0.158447  0.974121
gyro:  -11.304932 17.406006 11.342316
accel:  0.032532 -0.156189  0.969055
gyro:  -6.916046 16.022797  9.159088
accel:  0.051086 -0.150513  0.939636
gyro:  -6.422577 17.331238  8.934784
accel:  0.056396 -0.140015  0.960327
gyro:  -8.762817 16.434021  9.129181
accel:  0.038757 -0.136658  0.975220
gyro:  -9.420776 17.921906  6.968384
accel:  0.051575 -0.145508  0.978943
gyro:  -10.579681 19.611664  8.411407
accel:  0.065063 -0.157898  0.981995
gyro:  -13.398438 18.258362  8.747864
accel:  0.062561 -0.161377  0.960510
gyro:  -8.112335 18.363037  8.351593
accel:  0.058533 -0.154541  0.966431
gyro:  -9.645081 17.577972 11.095581
accel:  0.065613 -0.162048  1.003418
gyro:  -15.177917 21.121979 10.774078
accel:  0.079956 -0.150879  0.935974
gyro:  -9.218903 14.998474 14.804077
accel:  0.052185 -0.119141  0.944275
gyro:  -7.125397 15.738678 12.463837
accel:  0.042725 -0.111755  0.990967
gyro:  -9.600220 17.039642  9.256287
accel:  0.047791 -0.123474  0.984680
gyro:  -10.041351 17.877045  8.074951
accel:  0.051147 -0.133423  0.933716
gyro:  -6.504822 17.817230  6.362762
accel:  0.042725 -0.142517  0.973511
gyro:  -7.798309 19.708862  7.252502
accel:  0.062073 -0.157166  0.961304
gyro:  -9.144135 16.419067 10.123596
accel:  0.043518 -0.149719  0.977417
gyro:  -9.742279 18.505096 12.112427
accel:  0.063843 -0.160828  0.989380
gyro:  -7.753448 19.701385 13.084412
accel:  0.070496 -0.150696  0.954285
gyro:  -9.450684 17.757416 14.370422
accel:  0.066772 -0.147705  0.972656
gyro:  -9.046936 20.471497 13.144226
accel:  0.068054 -0.146790  0.991638
gyro:  -10.078735 17.921906 14.026489
accel:  0.044800 -0.137146  0.940613
gyro:  -7.873077 16.321869  8.919830
accel:  0.039734 -0.134949  0.966980
gyro:  -9.697418 16.082611  8.157196
accel:  0.053101 -0.141235  0.977173
gyro:  -11.088104 14.931183  8.067474
accel:  0.034607 -0.128357  0.951111
gyro:  -8.067474 18.916321 -0.964508
accel:  0.045288 -0.139587  0.954529
gyro:  -9.749756 20.239716  1.128998
accel:  0.072876 -0.157593  0.966003
gyro:  -8.418884 14.916229  8.964691
accel:  0.046936 -0.156311  1.000061
gyro:  -11.656342 20.748138  4.912262
accel:  0.048767 -0.164124  0.970703
gyro:  -10.400238 17.966766  8.276825
accel:  0.075928 -0.171509  0.928467
gyro:  -8.000183 14.235840 13.398438
accel:  0.050720 -0.148193  0.958374
gyro:  -7.058105 16.052704 10.901184
accel:  0.039978 -0.136108  0.981567
gyro:  -9.054413 16.359253 10.407715
accel:  0.060974 -0.139282  0.977844
gyro:  -10.310516 17.757416 12.344208
accel:  0.066284 -0.138367  1.003113
gyro:  -12.164764 21.264038 13.951721
accel:  0.072754 -0.162659  0.952271
gyro:  -8.119812 17.219086 16.090088
accel:  0.058716 -0.146423  0.934570
gyro:  -8.231964 16.501312 14.131165
accel:  0.045593 -0.130432  0.950623
gyro:  -5.921631 14.774170 11.932983
accel:  0.042664 -0.119080  0.970215
gyro:  -11.095581 14.878845  9.233856
accel:  0.030396 -0.118469  0.998840
gyro:  -8.792725 16.389160  7.798309
accel:  0.041626 -0.130066  0.988342
gyro:  -6.243134 18.572388  2.175751
accel:  0.033264 -0.137817  0.933411
gyro:  -6.624451 17.764893 -0.186920
accel:  0.036194 -0.137207  0.941895
gyro:  -9.682465 17.974243 -1.420593
accel:  0.021545 -0.147644  1.009277
gyro:  -11.671295 19.342499 -4.515991
accel:  0.039490 -0.147888  0.968506
gyro:  -13.166656 19.335022 -1.749573
accel:  0.031250 -0.144592  0.992065
gyro:  -14.789124 20.359344 -1.054230
accel:  0.046814 -0.135681  0.963745
gyro:  -13.017120 20.052795 -2.168274
accel:  0.052124 -0.132812  0.956604
gyro:  -12.665710 18.078918 -2.990723
accel:  0.076172 -0.129883  0.957947
gyro:  -10.878754 18.632202 -0.014954
accel:  0.092346 -0.132751  0.958130
gyro:  -11.282501 18.699493  5.360870
accel:  0.106995 -0.137146  0.973572
gyro:  -11.155396 17.891998 11.327362
accel:  0.093323 -0.121948  0.948792
gyro:  -8.030090 18.751831 12.404022
accel:  0.090698 -0.118286  0.963928
gyro:  -8.336639 18.168640 13.832092
accel:  0.078979 -0.105103  0.985352
gyro:  -10.452576 19.073334 16.119995
accel:  0.078613 -0.103821  0.990295
gyro:  -13.099365 21.054688 18.026581
accel:  0.076294 -0.104126  0.998718
gyro:  -17.136841 20.464020 22.991180
accel:  0.084229 -0.101318  0.978760
gyro:  -15.334930 20.561218 23.080902
accel:  0.067566 -0.097168  0.928223
gyro:  -5.301056 16.658325 17.847137
accel:  0.080750 -0.072937  0.929382
gyro:  -1.323395 14.176025 20.553741
accel:  0.100037 -0.051819  0.983765
gyro:  -7.020721 23.379974 23.910828
accel:  0.124573 -0.099609  0.984253
gyro:  -15.312500 21.211700 30.296021
accel:  0.082214 -0.113098  0.940979
gyro:  -2.661743 17.316284 30.430603
accel:  0.072205 -0.117737  0.953796
gyro:  -5.697327 25.017395 18.363037
accel:  0.045044 -0.123657  0.984802
gyro:  -0.800018 18.280792 18.093872
accel:  0.040527 -0.116577  0.932617
gyro:   2.250519 17.480774 11.297455
accel:  0.051147 -0.143250  0.945923
gyro:   2.250519 11.237640 13.690033
accel:  0.037720 -0.156494  0.963623
gyro:   2.998199  9.517975 10.033875
accel:  0.048523 -0.167542  0.981628
gyro:  -5.712280 12.822723  5.473022
accel:  0.080811 -0.181091  0.977234
gyro:  -5.428162 12.815247  4.987030
accel:  0.096863 -0.175232  0.997742
gyro:  -7.716064 22.310791  2.661743
accel:  0.112671 -0.174316  0.989441
gyro:  -13.435822 22.520142  8.045044
accel:  0.088623 -0.184204  0.997925
gyro:  -14.415283 22.550049 10.632019
accel:  0.057983 -0.196533  0.955688
gyro:  -13.996582 22.071533  8.665619
accel:  0.047546 -0.203369  0.934387
gyro:  -7.940369 16.620941  4.568329
accel:  0.038086 -0.203064  0.946472
gyro:  -3.416901 14.063873  4.381409
accel:  0.072632 -0.203491  0.948853
gyro:  -4.964600 14.669495  4.815063
accel:  0.056152 -0.204895  0.975891
gyro:  -4.321594 13.989105  5.562744
accel:  0.073608 -0.195679  0.980042
gyro:  -4.575806 16.800385  7.117920
accel:  0.071716 -0.203979  0.986694
gyro:  -7.693634 19.559326  7.304840
accel:  0.057983 -0.209290  0.976135
gyro:  -6.056213 18.781738  7.888031
accel:  0.063599 -0.214905  0.967834
gyro:  -8.067474 21.548157  6.549683
accel:  0.075806 -0.226868  0.974548
gyro:  -5.802002 15.850830  9.009552
accel:  0.057251 -0.219055  0.956726
gyro:  -7.865601 15.865784  7.506714
accel:  0.064270 -0.221069  0.987671
gyro:  -14.467621 16.516266  8.463745
accel:  0.073547 -0.229187  0.987244
gyro:  -3.872986 15.379791 -2.302856
accel:  0.069092 -0.200562  0.916870
gyro:  -8.680573  6.332855  4.448700
accel:  0.024780 -0.230286  0.919556
gyro:   6.968384  5.173950  0.351410
accel:  0.001892 -0.200867  1.028931
gyro:  -4.598236 22.213593 -8.314209
accel:  0.075745 -0.215393  1.012756
gyro:  -5.682373 18.572388  2.467346
accel:  0.073181 -0.238464  1.015991
gyro:  -9.002075 21.839752  2.257996
accel:  0.047729 -0.235352  0.956787
gyro:  -9.136658 20.748138  2.228088
accel:  0.046021 -0.244507  0.966614
gyro:  -11.873169 21.278992  2.317810
accel:  0.037659 -0.244751  0.962646
gyro:  -12.553558 18.183594  4.044952
accel:  0.026489 -0.158569  0.926819
gyro:  15.693817 42.206573 19.312592
accel:  0.057495 -0.253540  1.010132
gyro:   4.770203 35.761566  5.031891
accel:  0.143982 -0.232605  1.044128
gyro:  -23.103333 35.896149 11.678772
accel:  0.227234 -0.289551  1.057251
gyro:  -18.878937 31.320343  1.839294
accel:  0.246399 -0.292725  0.974915
gyro:  -62.992096 -13.906860 24.553833
accel:  0.256348 -0.257996  0.968262
gyro:  -18.602295 14.691925 17.996674
accel:  0.141541 -0.020691  0.965698
gyro:  -8.523560 19.267731 19.237823
accel:  0.135254 -0.186462  1.101501
gyro:  -40.614014 44.718781 -19.970551
accel:  0.129517 -0.149109  1.061890
gyro:  -49.242249 77.646637 -29.368896
accel:  0.252991 -0.102295  0.953979
gyro:  -1.936493 52.382507 -52.621765
accel:  0.485413 -0.026672  0.863403
gyro:  -49.272156 51.679688 -13.936768
accel:  0.316467 -0.029785  1.142151
gyro:  26.886597 44.733734 -93.153534
accel:  0.189819  0.231384  0.832764
gyro:  -49.743195 19.192963 -64.308014
accel:  0.142151  0.220947  0.594360
gyro:  -65.937958 -31.290436 -73.325043
accel:  0.235107 -0.248962  0.919495
gyro:  -62.050018 -0.702820 -68.995972
accel:  0.382935 -0.339294  0.906311
gyro:  -61.100464  9.510498 -38.714905
accel:  0.482056 -0.368042  0.907227
gyro:  -12.590942 -2.915955 -45.593567
accel:  0.402405 -0.383057  0.887390
gyro:  13.338623 -9.974060 -54.924622
accel:  0.373291 -0.098877  0.874023
gyro:  -26.632385 -28.621216 36.800842
accel:  0.360413 -0.240173  1.054199
gyro:  -9.787140  1.547699 35.828857
accel:  0.302185 -0.117004  1.008667
gyro:  210.060883 89.123535 -9.525452
accel: -1.745667 -0.885132 -0.131775
gyro:  -10.243225 18.258362 17.690125
accel:  0.217285 -0.194031  1.116882
gyro:  -8.987122 17.622833  8.022614
accel:  0.176575 -0.193176  0.985596
gyro:  -9.069366 17.495728  8.037567
accel:  0.178406 -0.180481  0.975586
gyro:  -9.413300 17.682648  8.157196
accel:  0.174866 -0.187988  0.978210
gyro:  -8.882446 18.041534 19.746246
accel:  0.188599 -0.195618  1.005127
gyro:   8.239441  7.379608 -26.355743
accel:  0.288147 -0.237427  0.971924
gyro:  -10.303040 18.729401 12.605896
accel:  0.168152 -0.235779  1.401245
gyro:  -1.031799 49.974976 10.572205
accel:  0.233459 -0.306885  1.253540
gyro:  -13.286285 49.234772 12.575989
accel:  0.254822 -0.299133  1.172607
gyro:  -5.181427 42.812195  5.114136
accel:  0.209778 -0.326172  0.994141
gyro:  -13.129272 48.823547 21.271515
accel:  0.260681 -0.174316  0.612732
gyro:  -48.277740 46.430969 24.740753
accel:  0.230164 -0.102844  0.516479
gyro:  -8.344116 11.230164 -2.803802
accel:  0.300903 -0.141724  0.505493
gyro:  -31.148376  2.138367 17.450867
accel:  0.226196 -0.224670  0.546936
gyro:  21.323853 -3.334656 -11.282501
accel:  0.228699 -0.083801  0.698669
gyro:   7.596436 -28.239899 -13.690033
accel:  0.228394 -0.130493  0.957520
gyro:  -9.286194 -13.585358 14.333038
accel:  0.133362 -0.269897  1.269348
gyro:   5.749664 -20.411682 -2.011261
accel:  0.121582 -0.179077  1.217163
gyro:  -5.024414 -6.145935 -8.643188
accel:  0.188416 -0.165283  1.280334
gyro:  -104.129486 46.902008  0.149536
accel: -0.326904  0.398682  1.868103
gyro:   0.186920 15.768585 14.886322
accel:  0.138794 -0.375061  0.956238
gyro:  -20.703278 20.112610  8.089905
accel:  0.174866 -0.174927  0.943909
gyro:  -9.413300 17.630310  8.074951
accel:  0.177979 -0.202942  0.986145
gyro:  -9.331055 17.473297  7.835693
accel:  0.185425 -0.188477  0.965698
gyro:  -9.174042 17.607880  7.962799
accel:  0.181030 -0.193909  0.975525
gyro:  -11.432037 17.091980 -2.848663
accel:  0.220886 -0.214905  1.007446
gyro:  56.973267 13.129272 -42.483215
accel:  0.200195 -0.358948  1.031189
gyro:  -6.168365 47.545013  8.538513
accel:  0.396362 -0.442627  1.376282
gyro:  -24.561310 52.375031 38.498077
accel:  0.362610 -0.245850  1.226074
gyro:  -46.774902 58.775177 51.664734
accel:  0.394287 -0.250549  1.117126
gyro:  -46.266479 55.485382 45.309448
accel:  0.336975 -0.229248  0.917175
gyro:  -34.729767 62.423859 26.161346
accel:  0.322510 -0.141785  0.689392
gyro:  -32.389526 28.666077 13.286285
accel:  0.363708 -0.055298  0.574158
gyro:  -18.363037 19.185486 25.488434
accel:  0.360046 -0.054199  0.455750
gyro:  -0.149536 -1.876678 -8.628235
accel:  0.342102 -0.055664  0.555908
gyro:   4.702911 -7.663727 -0.186920
accel:  0.374939 -0.063171  0.827148
gyro:  -1.592560 -29.069824 -7.574005
accel:  0.362183 -0.087646  0.882568
gyro:  14.833984 -24.658508 -3.581390
accel:  0.310181 -0.222778  1.041992
gyro:   2.886047 -31.828766  0.471039
accel:  0.273560 -0.198059  1.137451
gyro:  -16.471405 -4.987030 20.531311
accel:  0.109253 -0.256409  1.042847
gyro:  188.587494 86.558990  9.091797
accel: -0.201111 -0.042908 -1.982544
gyro:  -8.927307 17.465820  8.508606
accel:  0.256897 -0.201782  1.003052
gyro:  -8.717957 17.764893  8.082428
accel:  0.175110 -0.189453  0.974976
gyro:  -8.815155 17.577972  8.067474
accel:  0.181885 -0.184204  0.977661
gyro:  -9.607697 17.555542  8.007660
accel:  0.180542 -0.182678  0.977356
gyro:  -9.876862 17.488251  8.089905
accel:  0.176208 -0.176880  0.974915
gyro:   6.990814 13.757324 -15.977936
accel:  0.187500 -0.180664  0.938354
gyro:  40.314941 47.567444 -28.524017
accel:  0.247375 -0.259583  1.520386
gyro:  18.789215 64.465027 20.112610
accel:  0.268616 -0.331177  1.051086
gyro:  -27.948303 47.365570 50.879669
accel:  0.332458 -0.451904  1.219788
gyro:  -16.366730 41.279449 -9.921722
accel:  0.327148 -0.391113  1.105652
gyro:  -39.679413 52.861023 34.183960
accel:  0.321899 -0.184509  0.688782
gyro:  -39.268188 49.354401 -0.702820
accel:  0.302612 -0.149353  0.533020
gyro:  -31.963348 31.178284 23.282776
accel:  0.340637 -0.137451  0.489746
gyro:   1.300964 15.491943  6.175842
accel:  0.322083 -0.081604  0.488220
gyro:   4.620667 -13.241425 15.065765
accel:  0.401611 -0.127747  0.707703
gyro:  -13.278809 -42.393494 11.858215
accel:  0.382507 -0.233948  0.895081
gyro:  26.131439 -62.887421 -6.945953
accel:  0.290771 -0.185425  0.983154
gyro:  13.637695 -9.188995  5.547791
accel:  0.072021 -0.275879  1.004761
gyro:   0.186920 -11.716156 -10.003967
accel:  0.185974 -0.203247  1.106384
gyro:   3.155212 -7.282410 28.359528
accel:  0.160339 -0.378357  1.019226
gyro:  39.559784 174.261932 30.355835
accel:  0.966919  0.091797  1.626343
gyro:  -16.299438 18.781738  1.667328
accel:  0.117737  0.038208  0.207764
gyro:   8.299255 13.704987  7.461853
accel:  0.193848 -0.189331  0.992188
gyro:  -13.331146 18.520050 11.035767
accel:  0.234192 -0.156616  0.962952
gyro:  -8.471222 17.465820  8.134766
accel:  0.174561 -0.178833  1.008240
gyro:  -8.740387 17.615356  8.172150
accel:  0.204468 -0.186646  0.962891
gyro:  -15.581665 18.647156  4.321594
accel:  0.194641 -0.228577  0.995972
gyro:  11.925507 38.714905 -67.186584
accel:  0.511658  0.112061  1.508850
gyro:  -9.331055 35.537262 -20.860291
accel:  0.547363 -0.091370  1.506653
gyro:  -3.080444 37.585907  5.734711
accel:  0.251709 -0.314636  0.913208
gyro:  -30.924072 -40.599060 25.645447
accel:  0.228882 -0.239807  1.006592
gyro:  -7.125397 33.862457 19.424744
accel: -0.020020 -0.375488  0.627136
gyro:  -25.660400 96.705017 12.845154
accel:  0.207275 -0.160095  0.894104
gyro:  -54.625549 43.043976 12.052612
accel:  0.354858 -0.070740  0.406067
gyro:   2.572021  9.660034 -1.734619
accel:  0.379028  0.006714  0.374146
gyro:  -24.022980 -30.101624 19.207916
accel:  0.213684 -0.108398  0.568481
gyro:  35.103607 -31.836243 -10.160980
accel:  0.150085  0.030212  0.775513
gyro:  21.383667 -7.566528 -0.807495
accel:  0.142944 -0.139038  1.022034
gyro:  -10.856323 -11.215210 16.718140
accel:  0.221191 -0.227173  1.342834
gyro:  -3.349609 51.799316 35.903625
accel:  0.201599 -0.398315  1.061218
gyro:  -30.079193 17.503204 -15.686340
accel:  1.684082 -0.836609  0.502686
gyro:  -9.809570 18.811646 20.635986
accel:  0.332214 -0.026306  0.875366
gyro:  -8.942261 17.600403  7.701111
accel:  0.181763 -0.160339  0.967773
gyro:  -10.460052 17.742462  7.955322
accel:  0.181335 -0.153076  0.974976
gyro:  -72.913818 10.175934 -69.923096
accel: -0.091187  0.278687  1.117615
gyro:  39.589691 25.697784  9.256287
accel:  0.253662 -0.667603  1.141724
gyro:  62.207031 85.123444 -50.655365
accel:  0.189636 -0.242310  1.131714
gyro:  -15.716248 47.335663 54.266663
accel:  0.349548 -0.316833  1.079590
gyro:  -40.628967 16.897583 44.987946
accel:  0.364075 -0.156067  1.152649
gyro:  -49.982452 38.064423  7.843170
accel:  0.315186 -0.519470  0.960022
gyro:  -20.396729 93.078766 27.798767
accel:  0.283020 -0.140015  0.488525
gyro:  -33.929749 48.023529 22.849121
accel:  0.410950  0.042725  0.435425
gyro:  -9.136658 15.671387  7.820740
accel:  0.472900 -0.020630  0.530090
gyro:  -16.987305  6.931000 12.710571
accel:  0.431335 -0.027344  0.512268
gyro:  -10.213318 -15.192871  8.164673
accel:  0.334106 -0.043762  0.697083
gyro:   6.317902 -28.740845 -1.652374
accel:  0.362671 -0.068970  0.931641
gyro:   4.388885 -37.556000 -19.043427
accel:  0.274902 -0.147461  0.820557
gyro:  -4.351501 -25.488434 15.813446
accel:  0.239563 -0.268250  0.895325
gyro:  -22.258453 -5.173950 11.073151
accel:  0.219299 -0.191528  1.112976
gyro:  -29.473572 22.265930  1.211243
accel:  0.037659 -0.376038  0.929565
gyro:  -7.588959 15.110626 -18.594818
accel: -1.764893 -0.954834  1.285156
gyro:  -6.557159 17.428436  7.125397
accel:  0.320923  0.167725  0.773804
gyro:  -16.890106 19.282684  8.142242
accel:  0.180359 -0.150024  0.979736
gyro:  -10.990906 17.712555  8.231964
accel:  0.178894 -0.156006  0.971863
gyro:  -11.581573 17.749939  7.970276
accel:  0.181213 -0.147888  0.981628
gyro:  -31.133423 14.938660 -30.916595
accel: -0.039062 -0.148071  1.099304
gyro:  -1.196289 36.180267 40.479431
accel:  0.320251 -0.653198  1.598022
gyro:   9.742279 34.296112 -11.170349
accel:  0.313049 -0.218872  1.296814
gyro:  -13.488159 32.628784 35.806427
accel:  0.355225 -0.125549  1.453735
gyro:  -7.506714 40.404663  3.745880
accel:  0.178955 -0.159485  1.065002
gyro:  -73.519440 52.823639 19.073334
accel:  0.220947 -0.281067  0.994324
gyro:  -24.097748 93.347931 -13.047028
accel:  0.240906 -0.123535  0.494629
gyro:  -28.845520 40.928040 11.843262
accel:  0.404236 -0.083557  0.294373
gyro:  -2.452393 20.815430 17.002258
accel:  0.402832 -0.120422  0.248352
gyro:   4.157104 -0.388794 17.510681
accel:  0.397766  0.008606  0.650879
gyro:  24.097748 -5.697327 -3.730927
accel:  0.359741 -0.157959  0.769470
gyro:  18.235931 -42.049561 -0.837402
accel:  0.493164 -0.202637  0.944763
gyro:  -4.239349 -29.428711 17.749939
accel:  0.422424 -0.227051  1.227783
gyro:  -9.749756 -4.919739 12.703094
accel:  0.479736 -0.151733  1.237793
gyro:  -18.766785  3.200073 27.925873
accel:  0.332336 -0.242188  1.100891
gyro:  -44.113159 -150.919342 18.841553
accel:  0.502258  0.058716 -1.335510
gyro:  -9.316101 17.862091 15.432129
accel:  0.209961 -0.216187  0.957642
gyro:  -10.093689 17.847137  8.359070
accel:  0.182068 -0.204529  0.970764
gyro:  -9.009552 17.316284  7.880554
accel:  0.171448 -0.191956  0.996155
gyro:  -9.046936 17.398529  8.082428
accel:  0.179932 -0.198608  0.983521
gyro:  -9.069366 17.518158  8.314209
accel:  0.179321 -0.195496  0.971191
gyro:  -9.061890 17.540588  8.269348
accel:  0.179260 -0.198242  0.974304
gyro:  -9.114227 17.690125  8.045044
accel:  0.179382 -0.198059  0.977661
gyro:  -9.024506 17.675171  8.112335
accel:  0.177124 -0.199219  0.973022
gyro:  -8.972168 17.652740  8.067474
accel:  0.179077 -0.199829  0.986145
gyro:  -8.949738 17.398529  8.344116
accel:  0.179077 -0.198181  0.970398
gyro:  -9.002075 17.420959  8.157196
accel:  0.171997 -0.195496  0.971497
gyro:  -9.114227 17.435913  8.007660
accel:  0.178467 -0.198792  0.978821
gyro:  -8.942261 17.734985  7.977753
accel:  0.181702 -0.202332  0.982361
gyro:  -9.069366 17.503204  8.067474
accel:  0.178528 -0.196899  0.974182
gyro:  -9.458160 17.607880  7.626343
accel:  0.178467 -0.198120  0.982910
gyro:  -8.815155 17.675171  8.299255
accel:  0.179077 -0.198242  0.975525
gyro:  -9.039459 17.488251  8.149719
accel:  0.179199 -0.198181  0.983521
gyro:  -8.949738 17.682648  8.074951
accel:  0.184326 -0.198547  0.985596
gyro:  -9.188995 17.712555  7.895508
accel:  0.182068 -0.199646  0.981934
gyro:  -9.136658 17.376099  7.910461
accel:  0.177917 -0.197266  0.979187
gyro:  -9.039459 17.682648  8.209534
accel:  0.181885 -0.198975  0.977234
gyro:  -9.405823 17.301331  7.932892
accel:  0.180664 -0.198914  0.980896
gyro:  -9.174042 17.443390  8.261871