gyro:  -9.054413 17.600403  7.768402
accel:  0.184265 -0.200134  0.987549
gyro:  -8.815155 17.577972  8.194580
accel:  0.180237 -0.198425  0.985352
gyro:  -9.211426 17.742462  8.030090
accel:  0.180420 -0.200989  0.972961
gyro:  -9.031982 17.637787  7.947845
accel:  0.179260 -0.199097  0.989868
gyro:  -9.031982 17.413483  8.149719
accel:  0.180542 -0.200073  0.977600
gyro:  -9.017029 17.570496  7.992706
accel:  0.179260 -0.194580  0.974915
gyro:  -8.942261 17.705078  7.977753
accel:  0.178833 -0.199585  0.976318
gyro:  -8.822632 17.660217  8.239441
accel:  0.180176 -0.199585  0.975220
gyro:  -8.695526 17.563019  8.276825
accel:  0.179749 -0.200745  0.976746
gyro:  -9.271240 17.443390  7.992706
accel:  0.180298 -0.201538  0.978394
gyro:  -9.211426 17.540588  8.052521
accel:  0.178223 -0.200256  0.975220
gyro:  -8.942261 17.435913  8.045044
accel:  0.179443 -0.197632  0.973145
gyro:  -9.054413 17.480774  8.149719
accel:  0.180237 -0.200073  0.973633
gyro:  -9.346008 17.563019  8.007660
accel:  0.180176 -0.199463  0.974182
gyro:  -8.830109 17.607880  8.164673
accel:  0.182251 -0.197754  0.980835
gyro:  -8.957214 17.622833  8.224487
accel:  0.176270 -0.203796  0.970581
gyro:  -8.777771 17.622833  7.850647
accel:  0.177307 -0.201416  0.974976
gyro:  -8.889923 17.705078  8.381500
accel:  0.180176 -0.198669  0.978882
gyro:  -8.994598 17.660217  8.112335
accel:  0.175232 -0.196716  0.968079
gyro:  -9.166565 17.525635  7.925415
accel:  0.180359 -0.199158  0.974670
gyro:  -9.069366 17.540588  7.925415
accel:  0.179993 -0.200867  0.974548
gyro:  -9.211426 17.525635  8.336639
accel:  0.181335 -0.199402  0.976013
gyro:  -9.009552 17.398529  7.843170
accel:  0.181274 -0.198120  0.975708
gyro:  -9.203949 17.652740  7.708588
accel:  0.180664 -0.201111  0.981018
gyro:  -9.114227 17.533112  7.992706
accel:  0.178650 -0.199158  0.970520
gyro:  -9.076843 17.495728  8.067474
accel:  0.174988 -0.198242  0.969727
gyro:  -9.017029 17.734985  8.224487
accel:  0.180664 -0.198914  0.976807
gyro:  -8.703003 17.697601  8.202057
accel:  0.182556 -0.200134  0.978027
gyro:  -8.927307 17.503204  8.261871
accel:  0.182007 -0.197754  0.975037
gyro:  -9.226379 17.495728  8.157196
accel:  0.182861 -0.198730  0.976135
gyro:  -9.203949 17.607880  8.052521
accel:  0.180786 -0.199036  0.977844
gyro:  -8.979645 17.406006  8.052521
accel:  0.178345 -0.199219  0.974976
gyro:  -8.942261 17.525635  8.179626
accel:  0.179749 -0.200134  0.975952
gyro:  -9.091797 17.622833  8.022614
accel:  0.180176 -0.198730  0.973633
gyro:  -8.904877 17.413483  8.239441
accel:  0.179932 -0.200928  0.976868
gyro:  -9.114227 17.473297  8.000183
accel:  0.181213 -0.199951  0.976501
gyro:  -8.882446 17.622833  8.224487
accel:  0.180481 -0.199646  0.970703
gyro:  -9.121704 17.465820  8.299255
accel:  0.179138 -0.200317  0.972473
gyro:  -9.061890 17.585449  8.209534
accel:  0.176270 -0.197815  0.972900
gyro:  -9.196472 17.764893  8.059998
accel:  0.177979 -0.199341  0.974304
gyro:  -9.017029 17.637787  7.880554
accel:  0.178528 -0.198364  0.979309
gyro:  -8.964691 17.458344  8.164673
accel:  0.180176 -0.201782  0.978088
gyro:  -9.233856 17.675171  7.970276
accel:  0.179138 -0.202209  0.982178
gyro:  -9.106750 17.630310  7.977753
accel:  0.183899 -0.199280  0.979614
gyro:  -9.159088 17.592926  8.112335
accel:  0.176575 -0.195740  0.965576
gyro:  -8.964691 17.420959  7.888031
accel:  0.178833 -0.200989  0.973694
gyro:  -9.061890 17.316284  8.202057
accel:  0.176147 -0.197571  0.970459
gyro:  -8.942261 17.548065  8.037567
accel:  0.180054 -0.200684  0.975403
gyro:  -8.979645 17.660217  8.157196
accel:  0.177246 -0.199585  0.973267
gyro:  -9.151611 17.577972  7.768402
accel:  0.179260 -0.200562  0.977844
gyro:  -8.972168 17.518158  8.142242
accel:  0.178650 -0.199829  0.973328
gyro:  -9.278717 17.779846  8.082428
accel:  0.180542 -0.201111  0.976624
gyro:  -8.987122 17.510681  8.015137
accel:  0.180908 -0.200134  0.974976
gyro:  -9.114227 17.495728  7.932892
accel:  0.177490 -0.196045  0.968079
gyro:  -9.091797 17.443390  7.992706
accel:  0.181274 -0.200256  0.976746
gyro:  -8.830109 17.488251  8.403931
accel:  0.178650 -0.199463  0.970764
gyro:  -8.927307 17.503204  7.992706
accel:  0.178284 -0.197876  0.973022
gyro:  -9.017029 17.705078  8.030090
accel:  0.176453 -0.199341  0.971619
gyro:  -8.904877 17.607880  8.157196
accel:  0.178162 -0.199402  0.972961
gyro:  -8.897400 17.720032  8.172150
accel:  0.179749 -0.199097  0.976135
gyro:  -9.353485 17.443390  7.925415
accel:  0.180786 -0.198853  0.978699
gyro:  -8.740387 17.637787  8.299255
accel:  0.178589 -0.200012  0.972961
gyro:  -9.203949 17.525635  8.269348
accel:  0.179199 -0.203125  0.977173
gyro:  -9.017029 17.682648  7.902985
accel:  0.180908 -0.202087  0.980164
gyro:  -9.174042 17.563019  7.910461
accel:  0.177917 -0.198486  0.972534
gyro:  -9.061890 17.637787  8.149719
accel:  0.178833 -0.199402  0.973389
gyro:  -9.166565 17.630310  8.179626
accel:  0.178040 -0.199829  0.973022
gyro:  -8.762817 17.450867  8.104858
accel:  0.177429 -0.200745  0.957825
gyro:  -9.174042 17.592926  7.760925
accel:  0.181702 -0.201660  0.977356
gyro:  -9.024506 17.630310  8.089905
accel:  0.182861 -0.201538  0.976624
gyro:  -9.121704 17.660217  7.775879
accel:  0.178833 -0.200806  0.972412
gyro:  -8.949738 17.548065  8.246918
accel:  0.179016 -0.202148  0.978516
gyro:  -8.628235 17.794800  8.359070
accel:  0.180359 -0.200378  0.968506
gyro:  -9.129181 17.420959  8.194580
accel:  0.178467 -0.198669  0.966736
gyro:  -8.957214 17.734985  8.089905
accel:  0.179382 -0.200378  0.969543
gyro:  -9.009552 17.645264  8.045044
accel:  0.178162 -0.199890  0.973572
gyro:  -8.912354 17.548065  8.074951
accel:  0.179138 -0.201782  0.974854
gyro:  -9.121704 17.495728  7.895508
accel:  0.180420 -0.200378  0.977356
gyro:  -9.084320 17.495728  7.977753
accel:  0.180664 -0.199219  0.972778
gyro:  -8.867493 17.555542  8.097382
accel:  0.178101 -0.197937  0.974670
gyro:  -9.084320 17.570496  8.082428
accel:  0.179565 -0.199036  0.977417
gyro:  -8.957214 17.503204  8.134766
accel:  0.179993 -0.199463  0.966858
gyro:  -8.994598 17.607880  8.336639
accel:  0.179382 -0.199585  0.972595
gyro:  -8.635712 17.570496  8.134766
accel:  0.182434 -0.197571  0.975403
gyro:  -9.114227 17.391052  8.187103
accel:  0.179443 -0.199646  0.975281
gyro:  -8.860016 17.637787  8.112335
accel:  0.178528 -0.200378  0.974976
gyro:  -8.912354 17.592926  8.157196
accel:  0.179565 -0.200012  0.974365
gyro:  -8.874969 17.645264  8.194580
accel:  0.179932 -0.199402  0.973694
gyro:  -9.136658 17.473297  8.022614
accel:  0.179138 -0.199585  0.976440
gyro:  -9.286194 17.465820  8.045044
accel:  0.179443 -0.199341  0.975830
gyro:  -8.987122 17.563019  8.179626
accel:  0.181152 -0.199280  0.977417
gyro:  -8.979645 17.712555  8.164673
accel:  0.178955 -0.201111  0.973511
gyro:  -9.181519 17.525635  7.775879
accel:  0.179016 -0.198730  0.971252
gyro:  -9.226379 17.435913  7.828217
accel:  0.178528 -0.200439  0.974854
gyro:  -8.860016 17.353668  8.127289
accel:  0.179504 -0.199158  0.971924
gyro:  -9.084320 17.533112  8.059998
accel:  0.177429 -0.197144  0.974731
gyro:  -8.874969 17.540588  8.119812
accel:  0.182007 -0.200989  0.980225
gyro:  -9.188995 17.488251  8.052521
accel:  0.181641 -0.200684  0.975586
gyro:  -9.188995 17.600403  8.112335
accel:  0.185120 -0.199646  0.982056
gyro:  -9.151611 17.600403  7.985229
accel:  0.184448 -0.200684  0.996826
gyro:  -8.807678 17.563019  8.231964
accel:  0.180664 -0.200317  0.977844
gyro:  -8.979645 17.555542  8.000183
accel:  0.176270 -0.200378  0.978333
gyro:  -8.874969 17.839661  8.187103
accel:  0.179260 -0.199707  0.974976
gyro:  -8.979645 17.667694  8.007660
accel:  0.181885 -0.197144  0.971802
gyro:  -8.972168 17.742462  8.329163
accel:  0.180786 -0.202515  0.984070
gyro:  -9.787140 17.772369  7.977753
accel:  0.157898 -0.210938  0.953552
gyro:  -9.054413 17.727509  8.224487
accel:  0.178589 -0.198303  0.972717
gyro:  -9.151611 17.518158  8.433838
accel:  0.181458 -0.199524  0.980652
gyro:  -9.039459 17.585449  8.246918
accel:  0.181335 -0.197632  0.972717
gyro:  -9.293671 17.480774  7.917938
accel:  0.180908 -0.197144  0.978149
gyro:  -8.972168 17.540588  8.194580
accel:  0.179504 -0.200134  0.973145
gyro:  -9.301147 17.675171  8.119812
accel:  0.179932 -0.199219  0.969238
gyro:  -9.188995 17.577972  8.030090
accel:  0.179932 -0.199768  0.978760
gyro:  -9.002075 17.630310  8.194580
accel:  0.180786 -0.198486  0.976501
gyro:  -8.972168 17.652740  8.231964
accel:  0.175293 -0.198547  0.975830
gyro:  -8.807678 17.518158  8.284302
accel:  0.180298 -0.189270  0.976685
gyro:  -9.174042 17.772369  8.224487
accel:  0.179626 -0.199280  0.973267
gyro:  -8.837585 17.533112  8.560944
accel:  0.179382 -0.200867  0.974304
gyro:  -9.017029 17.308807  8.067474
accel:  0.182129 -0.198059  0.976746
gyro:  -9.091797 17.585449  8.157196
accel:  0.181030 -0.200623  0.978455
gyro:  -9.024506 17.443390  7.940369
accel:  0.181458 -0.199524  0.973328
gyro:  -8.942261 17.488251  8.149719
accel:  0.178223 -0.200256  03 17.480774  8.052521
accel:  0.184692 -0.196411  0.974487
gyro:  -9.450684 17.495728  3.843079
accel:  0.174805 -0.170471  0.951172
gyro:  -9.129181 17.600403  7.955322
accel:  0.179016 -0.199280  0.979492
gyro:  -9.099274 17.406006  8.097382
accel:  0.177429 -0.198730  0.974243
gyro:  -9.009552 17.577972  8.224487
accel:  0.181946 -0.197876  0.979370
gyro:  -9.196472 17.435913  8.179626
accel:  0.183472 -0.191833  0.971802
gyro:   1.487885 15.447083 64.046326
accel: -0.014832 -0.211548  0.863342
gyro:  73.025970  9.159088 17.794800
accel:  0.001465 -0.350098  0.955200
gyro:  83.740234 13.084412 56.472321
accel:  0.149353 -0.502991  0.810181
gyro:  -43.537445 11.805878 19.095764
accel:  0.141052 -0.482422  0.849548
gyro:  -81.332703 15.103149 -27.507172
accel:  0.360168 -0.571045  0.682190
gyro:  41.496277 -2.235565 13.503113
accel:  0.198853 -0.427185  1.393677
gyro:  -8.964691 -12.082520 32.651215
accel:  0.059082 -0.427551  1.026489
gyro:  17.891998 46.535645 32.905426
accel:  0.104431 -0.405762  1.184570
gyro:   2.041168 43.432770 40.763550
accel:  0.084534 -0.365784  1.138123
gyro:  -9.981537 53.376923 45.937500
accel:  0.087708 -0.448792  0.975586
gyro:   0.358887 48.711395 47.066498
accel:  0.126770 -0.383545  0.789490
gyro:  33.271790 32.957764 35.574646
accel:  0.234619 -0.595764  0.639343
gyro:  -22.064056 19.020996 34.139099
accel:  0.337158 -0.489441  0.621765
gyro:  -97.153625 -9.069366 30.206299
accel:  0.358765 -0.276672  1.073975
gyro:  -17.563019 11.275024 -16.785431
accel:  0.296143 -0.364258  0.828979
gyro:  -21.107025 12.269440 -59.253693
accel:  0.183533 -0.281921  1.036926
gyro:  -27.843628 44.344940 -32.920380
accel:  0.301147 -0.395203  1.223022
gyro:  -46.580505  6.968384 -50.244141
accel:  0.223572 -0.360596  0.963867
gyro:  -57.354584 -31.320343 -27.813721
accel:  0.299194 -0.249634  1.087891
gyro:  -14.310608  7.282410 -39.081268
accel:  0.028381 -0.038452  1.050659
gyro:   1.854248 57.915344 -30.303497
accel:  0.071472 -0.034302  0.921204
gyro:  35.746613 -23.858490 -146.455688
accel:  0.207520 -0.279236  0.965454
gyro:  35.111084 32.374573 -94.357300
accel:  0.117004 -0.187561  0.720337
gyro:  -17.929382 -28.067932 24.830475
accel:  0.062012 -0.335571  0.964600
gyro:  -43.843994 171.360931 -81.437378
accel:  0.250122 -0.349915  0.958313
gyro:  -69.025879 59.186401 11.506805
accel:  0.562134 -0.520142  0.826355
gyro:  -19.514465 54.834900 -40.942993
accel:  0.240051 -0.307556  1.077698
gyro:  -13.779755 33.010101 -21.077118
accel:  0.512939 -0.492188  0.791077
gyro:  -11.604004 88.719788 11.222687
accel:  0.615234 -0.351868  0.933838
gyro:  -3.536530 48.516998 -1.338348
accel:  0.656189 -0.402527  0.807129
gyro:  -19.619141 64.569702 -4.658051
accel:  0.577393 -0.406616  0.745056
gyro:  -65.227661 94.962921 19.649048
accel:  0.559448 -0.455994  0.527161
gyro:  -58.820038 34.228821 91.688080
accel:  0.570435 -0.601318  0.480042
gyro:  34.864349 -34.901733 92.114258
accel:  0.833923 -0.231506  0.596985
gyro:  49.511414 -7.850647 88.345947
accel:  0.685852 -0.093445  0.849976
gyro:  77.497101 -40.920563 100.323792
accel:  0.552124  0.017639  0.780945
gyro:  25.331421 -33.914795 86.760864
accel:  0.368164  0.096008  1.025757
gyro:  -46.146851 -1.293488 85.370178
accel:  0.241821  0.393188  1.235535
gyro:  22.138824 37.010193 20.366821
accel:  0.211670  0.176697  0.876282
gyro:   2.138367 18.138733 22.998657
accel:  0.351440  0.158142  0.804199
gyro:  -17.682648 -31.417542 28.127747
accel:  0.428101 -0.087158  0.962891
gyro:  58.386383 -17.929382 61.167755
accel:  0.453003  0.016907  1.091003
gyro:   5.458069  1.353302 64.838867
accel:  0.319153 -0.342590  1.214783
gyro:  -12.329254 27.282867 69.818420
accel:  0.412781 -0.066589  1.078064
gyro:  11.783447 41.690674 75.052185
accel:  0.485413 -0.067688  1.050415
gyro:  16.306915 60.823822 86.177673
accel:  0.489380  0.252380  1.123108
gyro:  -40.905609 40.449524 -36.202698
accel:  0.360291 -0.002441  1.034485
gyro:   9.817047 52.831116 -30.004425
accel:  0.408813 -0.248047  0.974915
gyro:  -27.185669 59.739685 -21.794891
accel:  0.445557 -0.224670  0.906982
gyro:  -9.764709 41.526184 -18.288269
accel:  0.579041 -0.262634  0.980652
gyro:  -8.987122 32.456818  1.585083
accel:  0.748413 -0.315491  0.903015
gyro:  -10.362854 30.206299 19.776154
accel:  0.864807 -0.161987  0.436829
gyro:  -77.564392 -3.753357 -59.642487
accel:  0.518066 -0.444214  1.426147
gyro:  81.661682 -18.407898 30.303497
accel:  0.758606  0.823486 -0.173584
gyro:  -45.040283 22.736969 -10.078735
accel:  0.174988 -0.738647  1.753479
gyro:  -43.148651 14.512482 -6.639404
accel:  0.768005  0.108032  0.698242
gyro:  41.668243 -23.895874 20.882721
accel:  0.533203 -0.192932  0.633057
gyro:  -43.986053 152.541809 27.424927
accel:  0.607788 -0.393127  1.024414
gyro:  -25.832367 -102.604218 -83.164520
accel:  0.574036 -0.341248  1.127014
gyro:  -28.284760 18.699493 45.795441
accel:  0.528687 -0.354492  1.068909
gyro:  -37.099915  3.686066 17.278900
accel:  0.420959 -0.178467  0.949951
gyro:  -31.238098 15.424652 -11.020813
accel: -0.286621 -0.082336  1.341675
gyro:  -30.393219 92.129211 56.375122
accel: -0.355408 -0.326111  1.598206
gyro:  -18.206024 71.074524 -1.585083
accel:  0.225952  0.217102  0.525024
gyro:  23.050995 50.289001 13.570404
accel:  0.654114  0.069153  0.457336
gyro:  -19.469604 29.959564 -5.360870
accel:  0.783447 -0.061523  0.527893
gyro:   1.914062 -33.967133 -16.426544
accel:  0.728638  0.208557  1.400269
gyro:  -19.050903 73.676453 -69.302521
accel:  0.544373 -0.240479  1.140869
gyro:  -54.139557 106.125793 -132.070312
accel:  0.519226 -0.626648  0.407166
gyro:  -97.191010 41.428986 -133.580627
accel:  0.876465 -0.758545  0.709961
gyro:  -57.496643 18.093872 -89.145966
accel:  1.053955 -0.449036  0.780212
gyro:  -49.900208 14.654541 -53.616180
accel:  0.762817 -0.396240  0.849670
gyro:  -25.772552 28.112793 -9.480591
accel:  0.656311 -0.425964  0.945923
gyro:  -8.927307 33.114777  4.411316
accel:  0.657349 -0.425415  0.823792
gyro:  17.308807 13.570404 13.443298
accel:  0.657104 -0.497437  0.780273
gyro:   7.237549 16.897583 27.925873
accel:  0.685974 -0.524292  0.729431
gyro:  13.772278  3.043060 48.150635
accel:  0.689209 -0.445496  0.919556
gyro:   4.515991 51.627350 52.546997
accel:  0.801636 -0.316895  0.825928
gyro:  -16.456451 44.180450 51.993713
accel:  0.931458 -0.184937  0.354797
gyro:  31.305389 -62.147217 23.170624
accel:  0.694092 -0.569519  0.602783
gyro:  -31.664276 31.709137 103.127594
accel:  0.540527 -0.511292  1.324585
gyro:   9.031982 10.833893 49.698334
accel:  0.741516 -0.102722  0.518311
gyro:  -17.144318 23.649139 42.954254
accel:  0.309570 -0.590881  0.653870
gyro:  44.569244 -39.455109 123.950500
accel:  0.098267 -0.672729  0.838318
gyro:  41.989746 -66.483765 187.817383
accel:  0.194702 -0.359741  1.106628
gyro:  10.415192 -46.229095 199.197083
accel:  0.179077  0.007141  1.346313
gyro:  -24.621124 24.307098 159.674683
accel:  0.125610  0.387512  1.379639
gyro:  -70.244598 99.351807 53.960114
accel:  0.139771  0.687378  1.220947
gyro:  -35.111084 94.768524 -8.441315
accel:  0.311829  0.670837  0.660339
gyro:  -7.962799 32.292328 -46.580505
accel:  0.398865  0.292542  0.630432
gyro:  -23.387451 30.139008 -84.256134
accel:  0.411499  0.333069  0.859009
gyro:  -44.823456 14.430237 -92.241364
accel:  0.471252  0.204834  0.842468
gyro:  -57.623749 16.934967 -106.484680
accel:  0.542664 -0.001953  0.952820
gyro:  -57.990112 20.097656 -111.845551
accel:  0.574402 -0.200439  0.929443
gyro:  -52.158203 29.952087 -104.959412
accel:  0.689270 -0.363525  0.757324
gyro:  -64.965973 24.733276 -81.624298
accel:  0.747314 -0.575562  0.633911
gyro:  -23.170624 -12.404022 -49.623566
accel:  0.711426 -0.684753  0.663452
gyro:  -3.596344  9.159088 17.271423
accel:  0.779297 -0.557068  0.771545
gyro:   5.286102  1.577606 28.269806
accel:  0.790649 -0.478821  0.753113
gyro:  10.878754  6.489868 33.563385
accel:  0.786133 -0.318420  0.767761
gyro:  13.585358  2.968292 39.552307
accel:  0.753662 -0.324158  0.765320
gyro:   8.082428  1.966400 41.077576
accel:  0.703491 -0.309692  0.770447
gyro:  19.140625 -1.816864 47.006683
accel:  0.668579 -0.324402  0.738464
gyro:  21.278992 -16.299438 46.767426
accel:  0.608948 -0.312134  0.750671
gyro:  -2.243042 -9.824524 46.408539
accel:  0.550781 -0.196899  0.721191
gyro:  -4.157104 -16.890106 33.899841
accel:  0.493958 -0.046143  0.654724
gyro:  -24.292145 -27.148285  0.665436
accel:  0.324768  0.038818  0.594543
gyro:  -46.819763 -40.030823 -41.421509
accel:  0.383667  0.027710  0.838623
gyro:  -3.035583 -33.914795 -46.453400
accel:  0.267639  0.083679  1.108276
gyro:  -26.766968 -73.728790 -42.685089
accel:  0.162231  0.031128  1.303345
gyro:  -68.323059 -28.808136 -9.989014
accel: -0.001465 -0.224976  1.313599
gyro:  -62.266846 -17.622833 -4.949646
accel:  0.171997  0.007935  1.139221
gyro:  -91.246948 59.904175 58.229370
accel:  0.157532  0.319092  1.145874
gyro:  40.090637  0.583191 11.334839
accel:  0.090149  0.096191  0.915344
gyro:  -93.818970  3.768311 -27.723999
accel:  0.129395  0.047791  1.146118
gyro:  11.267548 36.845703 12.359161
accel: -0.077148  0.183350  0.696167
gyro:  -54.603119 -0.358887 57.332153
accel: -0.097534  0.126404  0.884216
gyro:  57.429352 38.004608 38.812103
accel: -0.257141  0.229431 -0.220581
gyro:  170.329132 68.495026 -19.484558
accel:  0.032898  0.174683  0.574890
gyro:  -130.948792 89.093628 -14.804077
accel: -0.155151  0.535400  0.559326
gyro:  -43.716888 36.920471 -24.830475
accel:  0.036499 -0.003845  1.528748
gyro:  156.183014 15.798492 -5.465546
accel:  0.185303  0.441956 -0.067261
gyro:   6.602020 30.400696  4.949646
accel:  0.604614 -1.439087  1.682129
gyro:  -1.390686 15.940552  8.037567
accel:  0.152588 -0.203491  0.988342
gyro:  -9.787140 17.749939  8.194580
accel:  0.179565 -0.179749  0.966309
gyro:  -8.845062 17.697601  8.231964
accel:  0.180603 -0.188293  0.981934
gyro:  -8.568420 17.211609  7.865601
accel:  0.179932 -0.189331  0.976868
gyro:  -9.144135 17.540588  8.015137
accel:  0.179932 -0.189819  0.972839
gyro:  -9.106750 17.316284  8.082428
accel:  0.179443 -0.188843  0.974731
gyro:  -9.211426 17.525635  8.052521
accel:  0.178589 -0.190125  0.974243
gyro:  -8.845062 17.420959  8.172150
accel:  0.180115 -0.192078  0.980835
gyro:  -9.091797 17.757416  8.030090
accel:  0.178772 -0.190796  0.976990
gyro:  -9.248810 17.323761  8.074951
accel:  0.178894 -0.188171  0.973083
gyro:  -9.226379 17.406006  8.022614
accel:  0.176025 -0.188660  0.973328
gyro:  -9.069366 17.570496  8.142242
accel:  0.181152 -0.190186  0.960510
gyro:  -9.106750 17.592926  8.104858
accel:  0.179688 -0.190979  0.975159
gyro:  -9.166565 17.667694  7.932892
accel:  0.181335 -0.190491  0.971252
gyro:  -8.912354 17.181702  7.917938
accel:  0.178467 -0.191162  0.982666
gyro:  -9.420776 17.660217  8.074951
accel:  0.181946 -0.189392  0.976013
gyro:  -8.987122 17.465820  6.370239
accel:  0.147522 -0.311462  0.989197
gyro:  -8.874969 17.592926  8.157196
accel:  0.182068 -0.198853  0.994873
gyro:  -11.775970 18.131256  8.082428
accel:  0.177917 -0.186829  0.963196
gyro:  -2.908478 16.905060 29.533386
accel:  0.053650 -0.280457  0.777466
gyro:  21.391144 14.878845 24.815521
accel:  0.152588 -0.310913  0.989380
gyro:  -15.888214 13.884430 15.305023
accel:  0.170715 -0.198059  0.984741
gyro:  31.103516 12.448883 30.901642
accel:  0.209229 -0.239319  1.448853
gyro:  42.101898 -6.108551 25.002441
accel:  0.386230 -0.251160  1.112183
gyro:  -25.735168 -26.714630 15.177917
accel: -0.016602 -0.214478  1.009888
gyro:  22.191162 -1.697235  4.336548
accel: -0.083740 -0.230042  0.989746
gyro:   8.590851  7.648773 20.060272
accel: -0.119385 -0.243225  1.074524
gyro:   7.409515 25.451050 -3.835602
accel: -0.006042 -0.322327  0.897400
gyro:   1.637421 50.655365 12.067566
accel: -0.045837 -0.413391  1.065063
gyro:  -1.054230 49.459076 16.875153
accel:  0.013184 -0.367188  1.172546
gyro:  13.398438 53.548889 19.095764
accel:  0.104248 -0.319458  1.086975
gyro:   5.944061 54.947052 15.596619
accel:  0.127625 -0.459229  1.049316
gyro:  -15.267639 71.545563 23.409882
accel:  0.182983 -0.424316  0.871948
gyro:   4.441223 46.819763  4.396362
accel:  0.289551 -0.346130  0.742859
gyro:  -14.377899 38.572845 16.359253
accel:  0.334167 -0.415894  0.648438
gyro:   6.744080 12.516174 -1.682281
accel:  0.349243 -0.328369  0.462158
gyro:  24.120178 -19.753723 -7.424469
accel:  0.318909 -0.507690  0.786804
gyro:   2.572021 -18.878937  0.261688
accel:  0.298035 -0.417969  0.930786
gyro:  -4.351501 -4.441223  2.220612
accel:  0.163940 -0.544312  1.167358
gyro:  -51.298370  1.158905 10.721741
accel:  0.121582 -0.465210  1.011047
gyro:  -41.937408 13.690033  7.962799
accel:  0.121338 -0.402283  0.987000
gyro:  -62.909851 -4.149628 -2.714081
accel:  0.081543 -0.282288  0.940063
gyro:  -35.754089 -13.996582 -8.104858
accel:  0.050171 -0.292969  1.069824
gyro:  -14.213409 -6.145935 -6.706696
accel: -0.043701 -0.296875  1.022766
gyro:  -92.076874 34.049377 13.906860
accel:  0.046326 -0.396606  1.218506
gyro:  -26.385651 45.197296  4.515991
accel:  0.174927 -0.211670  0.835510
gyro:  215.997467 87.022552  2.572021
accel:  0.140442 -1.746338 -1.982544
gyro:  -40.539246 17.772369  4.366455
accel:  0.122314 -0.322327  0.896301
gyro:  -10.355377 17.749939 -0.448608
accel:  0.188965 -0.196533  0.956421
gyro:  -9.278717 17.563019  7.843170
accel:  0.181580 -0.193604  0.984863
gyro:  -8.934784 17.473297  8.112335
accel:  0.180664 -0.191406  0.975769
gyro:  -8.927307 17.503204  8.246918
accel:  0.179626 -0.191833  0.980042
gyro:  -9.024506 17.555542  7.977753
accel:  0.177734 -0.191101  0.980652
gyro:  -9.017029 17.570496  7.888031
accel:  0.180481 -0.189270  0.981934
gyro:  -9.278717 17.391052  7.775879
accel:  0.180542 -0.193359  0.979919
gyro:  -9.233856 17.533112  7.888031
accel:  0.180725 -0.189148  0.977112
gyro:  -7.058105 17.024689  7.843170
accel:  0.177979 -0.187927  0.973999
gyro:  -9.525452 17.667694  7.633820
accel:  0.177429 -0.198608  0.978821
gyro:  -10.303040 17.720032  7.753448
accel:  0.181458 -0.187256  0.947754
gyro:  -11.439514 17.839661  7.125397
accel:  0.189087 -0.154846  0.969971
gyro:  -9.144135 17.630310  7.910461
accel:  0.180847 -0.191650  0.978882
gyro:  -8.531036 17.480774  8.082428
accel:  0.179871 -0.205933  0.984680
gyro:  -10.953522 17.772369  7.992706
accel:  0.185425 -0.168152  0.948792
gyro:  -9.622650 17.645264  8.127289
accel:  0.180176 -0.193909  0.977295
gyro:  -9.031982 17.645264  8.045044
accel:  0.178467 -0.192017  0.980408
gyro:  -9.076843 17.705078  7.970276
accel:  0.180542 -0.191345  0.975098
gyro:  -9.054413 17.533112  7.962799
accel:  0.180237 -0.192200  0.978699
gyro:  -9.203949 17.742462  8.194580
accel:  0.179993 -0.189758  0.974243
gyro:  -9.196472 17.615356  8.067474
accel:  0.179871 -0.192078  0.976135
gyro:  -9.024506 17.518158  7.977753
accel:  0.181824 -0.190552  0.976257
gyro:  -9.106750 17.525635  7.873077
accel:  0.179077 -0.189514  0.973267
gyro:  -9.301147 17.592926  7.843170
accel:  0.179688 -0.190979  0.976868
gyro:  -9.248810 17.600403  8.082428
accel:  0.180359 -0.192444  0.973450
gyro:  -9.233856 17.353668  8.142242
accel:  0.180542 -0.189270  0.970276
gyro:  -9.091797 17.585449  8.179626