accel:  0.173889 -0.577454  0.911011
gyro:  -8.261871 17.219086  9.428253
accel:  0.191162 -0.576050  0.902100
gyro:  -11.275024 15.581665  9.031982
accel:  0.196350 -0.580200  0.901001
gyro:  -7.731018 15.581665  7.985229
accel:  0.180603 -0.567688  0.878113
gyro:  -7.633820 18.549957  5.749664
accel:  0.185547 -0.572998  0.901428
gyro:  -8.306732 15.828400  5.600128
accel:  0.192871 -0.575317  0.919495
gyro:  -8.478699 16.710663  7.312317
accel:  0.197449 -0.574707  0.893799
gyro:  -10.527344 18.422852  6.265564
accel:  0.193054 -0.583496  0.898560
gyro:  -9.375916 17.824707  8.598328
accel:  0.197266 -0.585083  0.895081
gyro:  -8.732910 17.353668 10.475006
accel:  0.191650 -0.585815  0.890442
gyro:  -8.037567 18.497620  8.067474
accel:  0.179932 -0.578674  0.885437
gyro:  -7.671204 17.166748  8.508606
accel:  0.181030 -0.581726  0.912048
gyro:  -8.919830 17.286377  8.785248
accel:  0.186401 -0.584412  0.908630
gyro:  -8.845062 16.187286  8.037567
accel:  0.186829 -0.589050  0.892761
gyro:  -7.110443 17.368622  8.007660
accel:  0.185303 -0.585632  0.893433
gyro:  -10.781555 19.708862  6.101074
accel:  0.171204 -0.577698  0.917664
gyro:  -21.465912 10.789032 -15.865784
accel:  0.134460 -0.615417  1.014709
gyro:  -71.388550 13.966675 -63.552856
accel:  0.120239 -0.501465  1.063782
gyro:  -44.935608 34.056854 -35.455017
accel:  0.162415 -0.327881  0.821899
gyro:  -24.523926 16.912537 -8.822632
accel:  0.165833 -0.474976  0.967834
gyro:  -16.815338 -21.144409  7.775879
accel:  0.156616 -0.436462  0.992188
gyro:  -16.815338 16.097565  7.940369
accel:  0.053467 -0.420898  0.885681
gyro:   0.934601 11.835785  3.162689
accel:  0.033142 -0.370422  0.878662
gyro:   2.758942  6.863708  2.519684
accel:  0.046997 -0.363647  0.983765
gyro:  -3.611298 22.736969  5.988922
accel:  0.064758 -0.370117  0.991394
gyro:  -10.632019 17.166748 16.306915
accel:  0.056458 -0.402161  0.977600
gyro:  -15.948029 16.426544  8.904877
accel:  0.027405 -0.428040  0.919312
gyro:  -3.551483 14.856415 10.235748
accel:  0.016724 -0.418030  0.863220
gyro:  -17.106934 21.009827 -3.925323
accel:  0.054810 -0.417847  0.984741
gyro:  -12.792816  9.106750 11.207733
accel:  0.021057 -0.403320  0.954102
gyro:  -12.022705 15.731201 13.106842
accel:  0.027405 -0.378296  0.926880
gyro:  -9.914246 11.581573 11.155396
accel:  0.017029 -0.357056  0.931702
gyro:  -14.116211 20.351868  9.779663
accel: -0.008667 -0.384338  1.005432
gyro:  -13.824615 16.471405  6.108551
accel:  0.034424 -0.347046  0.952393
gyro:  -12.194672 16.905060  5.301056
accel:  0.042236 -0.339478  0.937927
gyro:  -10.968475 21.585541 10.826416
accel:  0.034668 -0.348877  0.983765
gyro:  -16.725616 19.828491 11.170349
accel:  0.037231 -0.364990  0.968750
gyro:  -9.061890 14.422760  7.476807
accel:  0.010010 -0.356995  0.908386
gyro:  -9.144135 21.331329  7.170258
accel:  0.034363 -0.328369  0.937988
gyro:  -4.777679 15.903168 12.015228
accel:  0.021729 -0.324646  0.988464
gyro:  -12.030182 22.333221  5.831909
accel:  0.043701 -0.346497  0.986816
gyro:  -11.140442 17.936859 12.127380
accel:  0.053223 -0.348633  0.926392
gyro:  -8.620758 20.075226 13.465729
accel:  0.049744 -0.364746  0.940491
gyro:  -8.508606 20.591125 12.650757
accel:  0.044495 -0.346313  0.934937
gyro:  -0.306549 17.600403 17.017212
accel:  0.035095 -0.329712  0.959167
gyro:  -2.310333 19.073334 13.854523
accel:  0.032227 -0.341370  0.990784
gyro:  -2.901001 16.538696 12.082520
accel:  0.024902 -0.367249  0.951904
gyro:  -6.886139 19.843445  3.521576
accel:  0.032898 -0.377686  0.942322
gyro:  -1.383209 22.138824  5.592651
accel:  0.031860 -0.397156  0.936157
gyro:  -2.945862 21.809845  7.207642
accel:  0.049988 -0.411499  0.958252
gyro:  -4.127197 18.460236  7.917938
accel:  0.063660 -0.413086  0.944885
gyro:  -6.579590 18.318176  2.893524
accel:  0.075378 -0.408813  0.947266
gyro:  -9.570312 21.368713  3.282318
accel:  0.081970 -0.419617  0.973450
gyro:  -6.938477 18.946228  6.729126
accel:  0.078186 -0.409485  0.966064
gyro:  -11.940460 21.450958  8.037567
accel:  0.089783 -0.408691  0.948975
gyro:  -11.604004 18.609772  7.873077
accel:  0.075195 -0.407837  0.926147
gyro:  -8.531036 23.738861  7.402039
accel:  0.078247 -0.414673  0.952576
gyro:  -7.843170 22.512665  5.555267
accel:  0.075134 -0.411987  0.945251
gyro:  -1.562653 23.417358  6.729126
accel:  0.081726 -0.402039  0.969177
gyro:  -4.560852 25.540771  4.919739
accel:  0.103699 -0.407349  1.000000
gyro:  -7.454376 35.843811 11.693726
accel:  0.127625 -0.395447  1.021729
gyro:  -23.133240 46.879578  8.463745
accel:  0.122498 -0.398865  1.074402
gyro:  -18.198547 49.496460  3.701019
accel:  0.151062 -0.316223  0.914612
gyro:  -51.388092 70.050201 -109.034271
accel:  0.292236 -0.634155  1.486206
gyro:  -28.299713 14.243317 -92.817078
accel:  0.314514 -0.186279  0.933105
gyro:  -54.154510 95.217133 -57.631226
accel:  0.422607 -0.383179  0.949402
gyro:  -41.541138 86.499176 -62.035065
accel:  0.293335 -0.219910  0.927002
gyro:  11.402130 14.505005 -29.391327
accel:  0.547668 -0.744934  1.060730
gyro:  -42.176666 35.088654 15.103149
accel:  0.633606 -0.490234  0.679688
gyro:   0.119629 -13.443298 -38.969116
accel:  0.511353 -0.206177  0.930542
gyro:  -39.873810 -14.938660 17.480774
accel:  0.340698 -0.105469  0.688660
gyro:  -39.163513 -0.755157 -5.816956
accel:  0.395020  0.058533  0.844055
gyro:  -73.482056  0.276642 -28.568878
accel:  0.341614  0.155701  1.035095
gyro:  -114.469910 34.625092 -52.502136
accel:  0.301697  0.180664  0.906555
gyro:  -2.624359 12.688141  3.723450
accel:  0.394470  0.133423  0.870605
gyro:   0.284119  2.796326 19.312592
accel:  0.324707  0.125977  0.935242
gyro:  -12.867584 23.753815 14.527435
accel:  0.320801  0.200867  0.893677
gyro:  12.060089 33.675537 29.540863
accel:  0.272644  0.193237  1.024719
gyro:  -17.308807 48.502045 27.925873
accel:  0.320007  0.162842  0.836121
gyro:  12.523651 12.568512  1.368256
accel:  0.327576  0.113525  0.811768
gyro:  28.344574  2.272949  6.250610
accel:  0.273193 -0.007568  0.966309
gyro:  -28.464203 28.987579 10.617065
accel:  0.306580  0.026550  0.941956
gyro:   1.966400 16.045227 -1.353302
accel:  0.381287  0.072205  0.962097
gyro:  -5.749664 14.220886 -16.075134
accel:  0.410278  0.069580  1.021729
gyro:  47.193604 11.043243 -24.366913
accel:  0.373535 -0.161987  0.920715
gyro:  19.080811 15.544281 -16.134949
accel:  0.356934 -0.131470  0.916260
gyro:   6.078644  7.095490 -13.024597
accel:  0.327026 -0.169006  0.904053
gyro:  -1.031799  7.820740  6.482391
accel:  0.387573 -0.177063  0.873230
gyro:  -60.016327  0.007477 -19.207916
accel:  0.329041 -0.082581  0.936035
gyro:  37.264404 -10.512390  5.031891
accel:  0.248169 -0.164917  1.102417
gyro:  -32.740936 33.054962  6.287994
accel:  0.256592 -0.180603  1.047729
gyro:  -8.074951 19.043427 15.499420
accel:  0.295654 -0.152588  0.974487
gyro:  -22.707062 31.155853 11.327362
accel:  0.322937 -0.142273  0.945740
gyro:  -6.138458 22.183685  9.233856
accel:  0.325684 -0.106750  0.931274
gyro:  -19.013519 18.819122  7.020721
accel:  0.316101 -0.130737  0.949158
gyro:  -16.187286 21.540680  9.144135
accel:  0.317810 -0.138306  0.973755
gyro:  -6.579590 21.540680 12.112427
accel:  0.321472 -0.130798  0.968201
gyro:  -9.727325 17.563019  7.469330
accel:  0.335022 -0.104187  0.948792
gyro:  -8.560944 17.211609  6.609497
accel:  0.334900 -0.103027  0.948669
gyro:  -10.362854 23.312683  7.925415
accel:  0.323059 -0.114868  0.956360
gyro:  -15.992889 22.729492  8.194580
accel:  0.339783 -0.121887  0.914307
gyro:  -3.663635  9.346008 10.086212
accel:  0.340149 -0.097961  0.965332
gyro:  -9.233856 15.873260  9.488068
accel:  0.337769 -0.118713  0.956299
gyro:  -10.183411 14.071350  8.755341
accel:  0.333984 -0.104309  0.984619
gyro:  -11.267548 17.921906 10.833893
accel:  0.331848 -0.104370  0.960938
gyro:  -3.416901 15.895691  9.645081
accel:  0.328979 -0.093567  0.981750
gyro:  -13.959198 21.256561  8.441315
accel:  0.328857 -0.084778  0.949341
gyro:  -19.073334 17.570496  5.734711
accel:  0.332947 -0.046143  0.948364
gyro:  -3.177643 11.858215  7.379608
accel:  0.326355 -0.087891  0.964111
gyro:  -16.598511 20.441589  7.581482
accel:  0.333679 -0.085815  0.957458
gyro:  -7.005768 17.316284  7.289886
accel:  0.338074 -0.073425  0.967834
gyro:  -6.467438 16.478882  5.652466
accel:  0.335266 -0.074646  0.986389
gyro:  -10.931091 18.041534  6.145935
accel:  0.320190 -0.105713  0.973877
gyro:  -3.484192 16.209717  8.082428
accel:  0.325623 -0.093872  0.968018
gyro:  -12.194672 22.228546  8.837585
accel:  0.327942 -0.090820  0.936462
gyro:  -5.936584 12.964783  6.908569
accel:  0.326599 -0.076721  0.968689
gyro:  -12.396545 18.863983  8.807678
accel:  0.341003 -0.090759  0.956177
gyro:  -7.185211 18.594818  7.790833
accel:  0.319702 -0.086609  0.975464
gyro:  -11.581573 18.445282 10.392761
accel:  0.330017 -0.096191  0.917053
gyro:  -31.028748 17.248993 13.473206
accel:  0.305420 -0.108765  0.873047
gyro:  -8.433838  0.553284 24.284668
accel:  0.273071 -0.127014  0.995605
gyro:  -25.847321 24.329529 22.684631
accel:  0.345337  0.002319  1.021790
gyro:  -5.802002 15.424652 10.848846
accel:  0.383972  0.092712  0.975830
gyro:  -9.316101 21.062164  6.624451
accel:  0.311768 -0.001282  0.969849
gyro:  -8.448792 19.955597  6.676788
accel:  0.293335 -0.019165  0.925659
gyro:  -3.409424 16.000366  7.095490
accel:  0.280212 -0.030823  0.976929
gyro:  -26.909027 25.847321  2.123413
accel:  0.325745  0.000244  0.907471
gyro:   5.345917  3.551483  2.519684
accel:  0.302307 -0.046631  0.956238
gyro:  -14.505005 19.447174  9.495544
accel:  0.299927 -0.068359  0.952332
gyro:  -5.054321 15.035858 11.880646
accel:  0.324036 -0.093994  0.964233
gyro:  -24.658508 26.617432  5.532837
accel:  0.369751  0.006714  0.917908
gyro:   2.534637  4.538422  0.089722
accel:  0.310364 -0.009216  0.979553
gyro:  -11.402130 17.951813  6.370239
accel:  0.280273 -0.070068  0.948608
gyro:  -12.037659 18.579865 10.557251
accel:  0.303772 -0.051880  0.967712
gyro:  -10.759125 17.301331  8.568420
accel:  0.325073 -0.022827  0.955017
gyro:  -10.332947 17.794800  6.833801
accel:  0.311340 -0.028320  0.940552
gyro:  -4.800110 14.654541  4.194489
accel:  0.312134 -0.004822  0.964661
gyro:  -10.026398 12.957306 -1.704712
accel:  0.340210  0.018738  0.902283
gyro:  -4.015045 -5.540314 -12.060089
accel:  0.309998 -0.039856  0.901489
gyro:  -31.544647 -18.250885 -20.688324
accel:  0.208618 -0.066467  0.826416
gyro:  -49.302063 -67.508087 -27.380066
accel:  0.012085 -0.100159  0.872375
gyro:  -55.567627 -64.106140 33.997040
accel: -0.254883 -0.260010  1.037659
gyro:  -41.772919 56.390076 89.886169
accel: -0.284607 -0.012695  1.203369
gyro:  -93.998413 182.538757 167.585144
accel: -0.295410  0.220276  0.810974
gyro:  -49.780579 243.571930 -239.796143
accel: -0.428955  0.246399  0.881714
gyro:  -195.839996 -229.866943 -239.796143
accel: -0.509827  1.172607 -0.054260
gyro:   4.530945 -12.800293 94.297485
accel:  0.083557  0.896912 -0.778503
gyro:  -90.596466 -204.722443 16.725616
accel: -0.441650  0.770325  0.532410
gyro:  -94.933014 -76.988678 98.177948
accel: -0.633911  0.267578  0.636169
gyro:  -39.081268 -2.654266 182.149963
accel: -0.386536  0.631775  0.333069
gyro:  -56.726532 -12.643280 116.615753
accel: -0.453247  0.869080  0.364807
gyro:  45.264587 -6.691742 43.455200
accel: -0.644165  0.793518  0.279907
gyro:  -34.176483  8.052521 54.132080
accel: -0.614319  0.722107  0.167725
gyro:  -97.931213 21.727600 -1.801910
accel: -0.368835  1.298523  0.164856
gyro:  -59.306030 18.452759 -117.752228
accel: -0.642273  1.143127  0.227844
gyro:  -36.090546 46.587982 -172.347870
accel: -0.850098  0.780762 -0.134033
gyro:  -70.274506  7.491760 -184.206085
accel: -0.909607  0.410583 -0.058838
gyro:  -32.516632 25.338898 -102.469635
accel: -0.616638  0.117371 -0.085205
gyro:  -55.926514 42.438354 16.740570
accel: -0.484802  0.020752 -0.146545
gyro:  -5.869293 26.146393 84.016876
accel: -0.609253  0.218872 -0.133606
gyro:  32.613831  5.570221 145.954742
accel: -0.780029  0.322266 -0.106018
gyro:   8.209534 66.610870 226.420135
accel: -0.936829  1.194214 -0.038818
gyro:  20.434113 41.511230 178.232117
accel: -0.759460  1.271912 -0.295593
gyro:  120.413971 -38.303680 110.716553
accel: -0.299561  0.948181  0.065308
gyro:  -30.505371 56.337738 44.516907
accel: -0.149902  1.250305  0.115723
gyro:  -48.988037 45.578613 -67.777252
accel: -0.439209  1.472656  0.135315
gyro:  -36.427002 48.808594 -157.282104
accel: -1.068909  1.061279  0.151733
gyro:  -84.929047 37.473755 -169.185181
accel: -1.228638  0.791138  0.223511
gyro:  -42.879486 31.021271 -151.704407
accel: -1.013916  0.242615  0.024780
gyro:  -37.204590 16.134949 -68.532410
accel: -0.457275  0.085510  0.070129
gyro:  -44.038391 11.245117 -23.679047
accel: -0.434998 -0.048706 -0.032898
gyro:  -10.519867  4.635620 85.302887
accel: -0.452759 -0.010986  0.036377
gyro:  -1.308441  7.304840 133.169403
accel: -0.776733  0.368896 -0.213562
gyro:  28.262329 -11.020813 190.419312
accel: -0.995117  0.847229 -0.128296
gyro:  63.709869 -32.239990 185.693970
accel: -1.026550  0.885193 -0.029358
gyro:  33.914795 11.865692 137.019958
accel: -0.734619  1.143555 -0.053345
gyro:  -8.815155  5.031891 58.648071
accel: -0.390442  0.908264 -0.070618
gyro:  -27.604370 30.026855 -2.512207
accel: -0.353760  0.785339  0.001404
gyro:  -0.112152 -14.452667 -56.360168
accel: -0.405273  0.785950  0.017456
gyro:  -101.288300 30.482941 -94.544220
accel: -0.660156  0.976929  0.012268
gyro:  -124.040222 62.461243 -127.300110
accel: -0.815735  0.931152 -0.123535
gyro:  -17.368622 65.810852 -148.055725
accel: -1.234558  0.539734 -0.210571
gyro:  -112.727814 28.180084 -143.405151
accel: -0.873413  0.455200 -0.109314
gyro:  48.823547 -25.996857 -86.603851
accel: -0.653076  0.132751 -0.158508
gyro:  -28.292236 17.032166 -11.618958
accel: -0.488586 -0.026855 -0.115356
gyro:  26.363220 10.542297 77.055969
accel: -0.506104  0.077881 -0.111450
gyro:  21.682739 22.654724 145.745392
accel: -0.706909  0.337402 -0.193298
gyro:  49.212341  5.577698 178.576050
accel: -0.986145  0.751892 -0.230469
gyro:  84.861755 -19.065857 177.200317
accel: -0.851868  1.167114 -0.222900
gyro:  34.699860 -22.520142 97.834015
accel: -0.540100  1.007385 -0.021118
gyro:   7.140350  7.521667 32.195129
accel: -0.346619  0.743164 -0.029114
gyro:   9.757233 -1.801910  3.970184
accel: -0.314575  0.737854  0.010742
gyro:  -14.407806 17.495728 -37.855072
accel: -0.455261  0.823120  0.047180
gyro:  -29.518433 43.141174 -71.725006
accel: -0.644714  0.771484 -0.068298
gyro:  -90.731049 52.823639 -97.976074
accel: -0.784119  0.857849 -0.231384
gyro:  -60.935974 54.864807 -145.737915
accel: -0.967102  0.715881 -0.184265
gyro:  -58.034973 25.241699 -140.593872
accel: -0.885498  0.582458 -0.250793
gyro:  -27.073517 10.086212 -98.125610
accel: -0.676392  0.169800 -0.144348
gyro:  -4.366455 19.536896 -21.211700
accel: -0.431763 -0.041443 -0.106873
gyro:  19.753723 21.921997 62.506104
accel: -0.478027  0.074524 -0.118958
gyro:  34.183960  9.054413 128.989868
accel: -0.708069  0.311707 -0.145752
gyro:  47.582397  0.874786 180.916290
accel: -0.980713  0.668701 -0.128662
gyro:  53.788147 -12.478790 178.568573
accel: -1.014709  0.956726 -0.105896
gyro:  77.392426 -28.217468 125.984192
accel: -0.641113  1.014221  0.146118
gyro:  -1.697235  4.553375 47.507629
accel: -0.450867  0.821838  0.011658
gyro:  10.579681 -3.065491  6.048737
accel: -0.414001  0.643616  0.023438
gyro:  -25.077209 22.437897 -13.697510
accel: -0.428284  0.730713  0.101624
gyro:  -71.336212 41.877594 -14.714355
accel: -0.593262  0.649231 -0.023987
gyro:  -104.136963 35.111084 -75.605469
accel: -0.741577  0.736755 -0.156982
gyro:  -43.156128 39.806519 -130.634766
accel: -0.939514  0.854858 -0.202271
gyro:  -48.786163 31.096039 -124.967346
accel: -1.003479  0.513977 -0.186462
gyro:  -35.888672 40.845795 -90.476837
accel: -0.862549  0.024658 -0.129944
gyro:  -7.529144 16.448975 -16.546173
accel: -0.572021 -0.050598 -0.131714
gyro:  32.397003  3.566437 43.133698
accel: -0.586243 -0.069336  0.031494
gyro:  16.598511 24.867859 103.733215
accel: -0.707153  0.146606 -0.064392
gyro:  39.268188  6.198273 144.795837
accel: -0.969727  0.343384 -0.007507
gyro:  37.585907  2.250519 163.727112
accel: -1.074585  0.649902 -0.104675
gyro:  46.849670 -0.059814 139.083557
accel: -0.886475  0.914429 -0.017578
gyro:  54.969482 -32.239990 54.057312
accel: -0.561584  0.863220 -0.059692
gyro:   9.525452  0.127106  5.966492
accel: -0.455078  0.736816  0.152649
gyro:  -17.114410 21.189270 -46.685181
accel: -0.487244  0.843262  0.013794
gyro:  28.322144 -14.355469 -99.882660
accel: -0.695801  0.631165 -0.049255
gyro:  -15.813446 44.382324 -120.099945
accel: -0.835876  0.754639  0.058228
gyro:  -52.382507 119.935455 -125.752411
accel: -0.971924  0.765442 -0.118225
gyro:  -94.656372 64.053802 -105.408020
accel: -0.809387  0.390869 -0.260071
gyro:  -5.637512  2.848663 -59.567719
accel: -0.602783  0.072449 -0.116821
gyro:  -15.783539 15.028381  5.450592
accel: -0.437073 -0.009644 -0.099487
gyro:   2.183228 17.577972 68.031464
accel: -0.516541  0.046997 -0.051331
gyro:  27.028656 23.656616 139.449921
accel: -0.747803  0.291138 -0.088196
gyro:  75.807343 -11.065674 168.601990
accel: -0.941467  0.655396 -0.154480
gyro:  49.294586 -39.813995 146.709900
accel: -0.886292  0.878235  0.156006
gyro:   7.005768 -9.510498 82.715912
accel: -0.648682  0.782654  0.148132
gyro:  -17.032166 32.905426 28.135223
accel: -0.557922  0.624084  0.142395
gyro:  -19.163055 15.409698  8.007660
accel: -0.511902  0.617920  0.052185
gyro:  -37.436371 43.649597 -27.185669
accel: -0.597473  0.641357  0.156128
gyro:  -57.489166 48.748779 -67.687531
accel: -0.713928  0.625977  0.037415
gyro:  -93.886261 54.737701 -100.892029
accel: -0.787903  0.530579 -0.062866
gyro:  -8.904877 -10.340424 -118.858795
accel: -0.850769  0.525208  0.001038
gyro:  -43.522491 29.914703 -79.216766
accel: -0.726196  0.318115 -0.104187
gyro:  -8.501129 31.843719 -45.189819
accel: -0.622559  0.115845 -0.078857
gyro:  -1.600037 21.600494 10.385284
accel: -0.509888  0.129150 -0.076050
gyro:   2.616882 11.656342 71.739960
accel: -0.582397  0.218628 -0.069702
gyro:   8.366547  1.465454 109.953918
accel: -0.723816  0.376648 -0.083069
gyro:  11.088104 -9.211426 122.178497
accel: -0.797180  0.598755 -0.043091
gyro:  18.878937 11.035767 118.941040
accel: -0.777649  0.783447  0.007446
gyro:  -22.699585 13.450775 52.457275
accel: -0.498535  0.912109 -0.146301
gyro:  21.099548 -3.252411 -4.972076
accel: -0.507446  0.706604  0.037598
gyro:  -8.650665 23.559418 -30.699768
accel: -0.557495  0.583557  0.001221
gyro:  -30.625000 36.681213 -36.800842
accel: -0.606262  0.495605 -0.008850
gyro:  -47.088928 33.473663 -45.713196
accel: -0.669373  0.530151 -0.029236
gyro:  -1.816864 22.340698 -61.317291
accel: -0.723206  0.273987 -0.186646
gyro:  -9.832001 -7.820740  0.000000
accel: -0.613892  0.075378 -0.142761
gyro:   6.564636 16.209717 37.436371
accel: -0.518372  0.376465  0.014038
gyro:  -12.837677 30.086670 46.378632
accel: -1.053223  0.817383 -0.045166
gyro:  -29.563293 25.750122  9.031982
accel: -0.811646  1.084229 -0.120544
gyro:  -13.316193 32.613831 -34.931641
accel: -0.161560  0.308350 -0.106873
gyro:  -9.271240 37.877502 -45.369263
accel:  0.091797 -0.083984 -0.105652
gyro:  -82.499084 30.595093 24.680939
accel: -0.997864  0.438599  0.080322
gyro:  -15.297546 51.776886 180.976105
accel:  0.208557  1.784607 -0.649231
gyro:  134.246063 -34.879303 -166.149597
accel: -0.202637  0.246216 -0.052490
gyro:  -139.337769 74.154968 -0.366364
accel: -1.122986  0.125977  0.028015
gyro:  134.507751 -27.380066 62.094879
accel: -0.192139  0.774353 -0.132263
gyro:  -107.935181 97.228394  6.931000
accel: -0.750610  0.527771  0.054932
gyro:  -20.045319 23.492126 19.148102
accel: -0.336243  0.743835 -0.330750
gyro:  -49.219818 -21.346283 -15.992889
accel: -0.530396  0.507324 -0.224121
gyro:  -0.785065 18.228455 67.567902
accel: -0.936768  1.001953 -0.050476
gyro:  105.953827 32.008209  5.682373
accel: -0.288452  0.919739  0.010986
gyro:  -128.586121 75.882111 -104.077148
accel:  0.003784  0.305054 -0.310303
gyro:  -138.021851  1.428070 -114.223175
accel: -0.138794 -0.006104  0.019104
gyro:  -70.566101 170.777740 220.498505
accel: -1.370361 -0.172668  0.276123
gyro:  229.358521 -229.440765 -8.254395
accel:  0.099915  0.882874 -0.210571
gyro:  -226.950989 122.081299 -50.857239
accel: -1.416199  0.909485  0.017212
gyro:  17.106934 -24.583740 -15.626526
accel: -0.170349  0.587097 -0.426941
gyro:  -26.408081 -9.181519 -29.010010
accel: -0.329712  0.465576 -0.138062
gyro:  -45.137482 81.616821 110.335236
accel: -0.825928  0.065063  0.080444
gyro:  81.519623 65.100555 59.881744
accel: -0.652405  1.823242 -0.788879
gyro:  -19.028473 -14.183502 -125.744934
accel: -0.286621  0.816528 -0.000977
gyro:  -45.429077  8.717957 -179.787292
accel: -0.300781 -0.090759 -0.067444
gyro:  -40.449524 17.361145 -63.313599
accel: -0.357117 -0.320068 -0.061890
gyro:  -89.676819 157.745667 -239.796143
accel: -0.605591  0.880554 -0.042969
gyro:  229.343567 -158.949432 -11.865692
accel: -0.616272  0.614624  0.212952
gyro:  -169.686127 171.458130 36.793365
accel: -0.536865  0.726562 -0.338379
gyro:  40.860748 -38.961639 27.275391
accel: -0.263855  0.405823 -0.342773
gyro:   7.775879 -15.364838 47.649689
accel: -0.571777  0.347290 -0.175903
gyro:  39.522400 43.956146 147.405243
accel: -0.691284  0.847107 -0.043030
gyro:  14.781647 106.828613 18.131256
accel: -0.735535  1.035645 -0.071167
gyro:  -86.775818 45.077667 -106.312714
accel: -0.326660  0.465759 -0.398804
gyro:  -89.527283 -27.447357 -174.680634
accel: -0.252930 -0.217102 -0.267029
gyro:  -133.618011 -41.062622 -40.292511
accel: -1.744873  0.075623  0.100342
gyro:  215.765686 -61.616364 -239.796143
accel:  0.125122  1.581421 -1.215942
gyro:  -91.777802 49.302063 -12.015228
accel: -0.651428  0.644775  0.382629
gyro:  -90.132904 104.443512 38.408356
accel: -0.546204  0.383667 -0.762695
gyro:  84.996338 -47.986145 46.311340
accel: -0.465942  0.285095 -0.138672
gyro:  -1.757050 53.586273 73.654022
accel: -0.595154  0.828857  0.067810
gyro:  -7.416992 103.793030 -66.648254
accel: -0.582153  1.371826 -0.379150
gyro:  -99.217224 36.120453 -144.250031
accel: -0.855896  0.701538  0.019043
gyro:  -44.995422 41.885071 -155.465240
accel: -0.672852  0.405334 -0.132324
gyro:  -20.815430  0.628052 -71.949310
accel: -0.768738 -0.034729 -0.209290
gyro:  -21.914520 -15.065765 55.305939
accel: -0.506470 -0.152832 -0.000305
gyro:  13.891907 39.978485 93.445129
accel: -0.738281  0.112305 -0.123779
gyro:  21.645355  0.433655 171.405792
accel: -0.935669  0.559204 -0.215576
gyro:  141.334076 -44.995422 169.110413
accel: -0.955933  0.701050 -0.064514
gyro:  37.668152 -11.746063 140.070496
accel: -0.875977  0.818542  0.182556
gyro:  -1.248627  9.637604 99.134979
accel: -0.574768  0.948059  0.208435
gyro:  -5.704803 28.890381 -24.598694
accel: -0.464233  0.834167  0.023560
gyro:  -22.482758 20.135040 -68.554840
accel: -0.578308  0.786743 -0.005310
gyro:  -10.811462 18.280792 -109.415588
accel: -0.816895  0.681946  0.121521
gyro:  -74.207306 61.466827 -99.695740
accel: -0.924255  0.426636  0.093933
gyro:  -51.702118 73.654022 -114.410095
accel: -0.903625  0.569824  0.142395
gyro:  -38.939209 73.205414 -81.714020
accel: -0.786011  0.520630  0.025635
gyro:  -39.260712 55.702209 -90.641327
accel: -0.583069  0.574646  0.100952
gyro:  -8.074951 64.128571 -70.917511
accel: -0.353821  0.458862  0.073914
gyro:  92.316132 20.740662 -0.127106
accel:  0.157654  0.217834 -1.628296
gyro:  64.345398 21.832275 38.647614
accel: -0.253540  0.364807 -0.201050
gyro:  -33.548431 20.927582 -8.635712
accel: -0.100220  0.884644 -0.105835
gyro:  -33.757782 52.913361 31.813812
accel: -0.030579  0.816162 -0.100464
gyro:  -3.484192 -43.806610 11.618958
accel:  0.056152  0.869934 -0.222290
gyro:  14.871368  9.547882 -4.231873
accel: -0.080933  0.889465 -0.105896
gyro:  15.491943 60.098572  8.284302
accel: -0.076172  0.890076  0.030151
gyro:  -3.401947 13.787231 50.632935
accel: -0.096252  0.673950  0.015137
gyro:  -8.516083 70.424042 51.380615
accel: -0.289001  0.810791  0.010864
gyro:   3.656158 14.086304 25.099640
accel: -0.299194  0.722290 -0.024109
gyro:   9.420776 16.852722 -7.551575
accel: -0.240479  0.752747 -0.056030
gyro:  -9.174042  6.631927  2.968292
accel: -0.114502  0.774902 -0.039673
gyro:  -9.562836 20.060272 15.394745
accel: -0.237305  0.771729  0.046448
gyro:  -13.293762 12.688141 15.791016
accel: -0.273071  0.715027  0.038818
gyro:  -16.187286 26.938934 19.454651
accel: -0.258118  0.642151  0.029785
gyro:  -12.822723 22.983704  2.310333
accel: -0.274109  0.789795  0.002075
gyro:  -14.751740 19.529419 20.478973
accel: -0.265503  0.733459 -0.005920
gyro:  -18.176117 18.669586 17.114410
accel: -0.295349  0.665222 -0.007935
gyro:  -11.461945 15.656433  7.289886
accel: -0.315247  0.661194  0.013062
gyro:  -7.058105 12.815247  6.392670
accel: -0.272888  0.678406 -0.006348
gyro:  -9.114227 24.224854  8.463745
accel: -0.276428  0.705078 -0.007385
gyro:  -9.181519 16.284485 -3.790741
accel: -0.305542  0.733704 -0.010254
gyro:  -14.759216 19.753723 16.516266
accel: -0.278992  0.717468 -0.008057
gyro:  -10.250702 19.806061 19.267731
accel: -0.316467  0.634705 -0.012085
gyro:  -4.074860 11.402130  0.643005
accel: -0.342529  0.703552  0.001526
gyro:  -7.491760  9.360962  4.134674
accel: -0.249084  0.735474 -0.000488
gyro:  -11.252594 17.914429 16.964874
accel: -0.255554  0.694946 -0.013794
gyro:  -11.514282 19.753723  7.207642
accel: -0.298889  0.663940  0.005371
gyro:  -11.342316 18.467712  9.061890
accel: -0.332153  0.704285 -0.017517
gyro:  -11.686249 15.275116  8.000183
accel: -0.302307  0.708130 -0.016907
gyro:  -10.116119 18.161163  8.770294
accel: -0.307373  0.656250 -0.017517
gyro:  -8.418884 19.387360  7.858124
accel: -0.307861  0.703491 -0.021973
gyro:  -14.729309 22.101440  8.874969
accel: -0.322632  0.690125 -0.025024
gyro:  -11.275024 14.534912  9.084320
accel: -0.310547  0.667969 -0.022522
gyro:  -11.297455 22.161255  5.936584
accel: -0.283142  0.691345 -0.015381
gyro:  -10.803986 25.578156 15.476990
accel: -0.327332  0.676880 -0.029724
gyro:  -8.463745 14.400330  9.084320
accel: -0.351746  0.686829 -0.052246
gyro:  -7.499237 12.598419  3.476715
accel: -0.322998  0.671204 -0.029663
gyro:  -11.118011 18.363037  6.736603
accel: -0.297363  0.718323 -0.034851
gyro:  -9.488068 18.991089  7.753448
accel: -0.306702  0.662659 -0.029968
gyro:  -9.660034 20.456543 10.235748
accel: -0.329773  0.679688 -0.025635
gyro:  -9.450684 18.774261  9.749756
accel: -0.349426  0.674683 -0.029846
gyro:  -7.312317 15.200348  8.560944
accel: -0.328918  0.678040 -0.034363
gyro:  -8.456268 12.478790  4.538422
accel: -0.267944  0.691650 -0.023621
gyro:  -10.400238 21.787415 10.609589
accel: -0.301575  0.695679 -0.034851
gyro:  -10.863800 21.884613 10.617065
accel: -0.323364  0.668518 -0.025879
gyro:  -7.013245 13.847046  8.403931
accel: -0.342102  0.675659 -0.038391
gyro:  -6.145935 16.605988  6.033783
accel: -0.304810  0.685913 -0.027039
gyro:  -8.912354 17.734985  9.375916
accel: -0.306152  0.685852 -0.015869
gyro:  -11.648865 20.090179  8.142242
accel: -0.328003  0.691956 -0.033936
gyro:  -10.445099 20.292053  8.717957
accel: -0.330078  0.686951 -0.027832
gyro:  -10.153503 17.144318  7.671204
accel: -0.315979  0.673645 -0.021362
gyro:  -10.624542 18.841553  7.850647
accel: -0.312988  0.700073 -0.033447
gyro:  -12.635803 23.170624  9.405823
accel: -0.319641  0.669861 -0.035889
gyro:  -7.671204 17.480774  7.147827
accel: -0.352661  0.675720 -0.029541
gyro:  -8.972168 17.914429  9.226379
accel: -0.324951  0.682373 -0.025757
gyro:  -6.003876 14.916229  6.624451
accel: -0.302734  0.668457 -0.022156
gyro:   2.325287 19.178009  8.059998
accel: -0.316345  0.672119 -0.007568
gyro:  -5.054321 24.052887 10.946045